Iter. Eval. Best      Time m:s
0     10    -74.8918    0:00.6
1     20    -70.6895    0:01.1
2     30    -56.16968   0:01.9
3     40    -45.74885   0:02.3
20    210   -40.03054   0:10.1
40    410   -37.66488   0:21.2
60    610   -37.34834   0:31.9
80    810   -33.96627   0:42.9
100   1010  -27.93859   0:58.1
120   1210  -26.18883   1:08.9
140   1410  -23.38453   1:18.9
160   1610  -19.10118   1:28.9
180   1810  -18.43019   1:38.5
200   2010  -18.37619   1:47.6
220   2210  -18.37296   1:56.7
240   2410  -18.37041   2:05.4
260   2610  -18.36475   2:14.4
280   2810  -18.35466   2:23.3
300   3010  -18.33509   2:32.2
320   3210  -18.33101   2:41.2
340   3410  -18.3309    2:50.0
360   3610  -18.33089   2:58.6
380   3810  -18.33089   3:07.3
400   4010  -18.33089   3:16.3
420   4210  -18.33089   3:25.3
440   4410  -18.33089   3:34.6
460   4610  -18.33089   3:43.3
480   4810  -18.33089   3:52.5
500   5010  -18.33089   4:01.1
520   5210  -18.33089   4:10.5
540   5410  -18.33089   4:19.3
560   5610  -18.33089   4:28.0
580   5810  -18.33089   4:36.9
600   6010  -18.33089   4:45.8
620   6210  -18.33089   4:56.9
640   6410  -18.33089   5:06.8
660   6610  -18.33089   5:16.6
680   6810  -18.33089   5:26.6
700   7010  -18.33089   5:36.2
720   7210  -18.33089   5:45.3
740   7410  -18.33089   5:55.0
760   7610  -18.33089   6:04.9
780   7810  -18.33089   6:14.2
800   8010  -18.33089   6:24.0
820   8210  -18.33089   6:35.0
840   8410  -18.33089   6:44.7
860   8610  -18.33089   7:01.7
880   8810  -18.33089   7:14.0
900   9000  -18.33089   7:22.9
