Iter. Eval.  Best      Time m:s
0     11     -11.02306   0:00.8
1     22     -11.02306   0:01.6
2     33     -11.02306   0:02.4
3     44     -11.02306   0:03.2
20    231    -11.02306   0:32.6
40    451    -11.01122   0:48.5
60    671    -9.752024   1:05.3
80    872    -8.481567   1:20.2
100   1058   -8.343092   1:33.7
120   1231   -8.284246   1:46.1
140   1412   -8.205006   1:59.2
160   1609   -8.056443   2:13.8
180   1803   -7.574876   2:27.9
200   2021   -6.956812   2:43.5
220   2239   -6.486116   2:59.5
240   2459   -5.111501   3:16.1
260   2679   -2.523395   3:31.6
280   2899   -1.82433    3:47.3
300   3119   -1.69405    4:01.4
320   3339   -1.525758   4:15.4
340   3559   -1.200911   4:29.5
360   3779   -1.020013   4:43.7
380   3999   -0.902623   4:57.7
400   4219   -0.753      5:11.5
420   4439   -0.63       5:25.2
440   4659   -0.598      5:39.2
460   4879   -0.567      5:53.5
480   5099   -0.546      6:07.9
500   5319   -0.542      6:21.9
520   5539   -0.542      6:35.9
540   5759   -0.542      6:49.8
560   5979   -0.542      7:03.9
580   6199   -0.542      7:18.0
600   6419   -0.542      7:31.9
620   6639   -0.542      7:45.9
640   6859   -0.54191    7:59.8
660   7079   -0.54191    8:13.9
680   7299   -0.54191    8:27.9
700   7519   -0.542      8:42.0
720   7739   -0.542      8:56.2
740   7959   -0.542      9:10.3
760   8179   -0.542      9:24.2
780   8399   -0.542      9:38.0
800   8619   -0.542      9:52.1
820   8839   -0.542     10:33.8
840   9059   -0.542     11:15.5
860   9279   -0.542     11:49.5
880   9499   -0.542     12:03.0
900   9719   -0.542     12:16.4
920   9939   -0.542     12:29.9
940   10159  -0.542     12:43.3
958   10346  -0.542     12:54.8
