Iter. Eval.  Best      Time m:s
0     11     -7.619229   0:00.6
1     22     -5.752285   0:01.3
2     33     -5.752285   0:01.9
3     44     -5.752285   0:02.5
20    231    -5.195531   0:12.9
40    451    -5.172679   0:25.1
60    671    -4.802063   0:37.3
80    891    -4.674618   0:49.3
100   1111   -4.358908   1:01.3
120   1331   -3.491149   1:13.7
140   1551   -3.021748   1:26.4
160   1771   -2.604827   1:39.1
180   1991   -1.729071   1:52.0
200   2211   -1.468652   2:05.0
220   2431   -1.231796   2:17.9
240   2651   -1.023284   2:31.0
260   2871   -0.901029   2:44.3
280   3091   -0.794      2:57.6
300   3311   -0.742      3:10.9
320   3531   -0.737      3:24.5
340   3751   -0.734      3:38.0
360   3971   -0.733      3:51.4
380   4191   -0.732724   4:05.3
400   4411   -0.733      4:21.6
420   4631   -0.733      4:37.6
440   4851   -0.733      4:54.3
460   5071   -0.733      5:10.0
480   5291   -0.733      5:25.8
500   5511   -0.733      5:41.6
520   5731   -0.733      5:57.3
540   5951   -0.733      6:13.6
560   6171   -0.733      6:29.8
580   6391   -0.733      6:46.1
600   6611   -0.733      7:00.6
620   6831   -0.733      7:14.6
640   7051   -0.733      7:28.5
660   7271   -0.733      7:42.4
680   7491   -0.733      7:56.2
700   7711   -0.733      8:10.0
720   7931   -0.733      8:23.8
740   8151   -0.733      8:37.7
760   8371   -0.733      8:51.5
780   8591   -0.733      9:05.3
800   8811   -0.733      9:19.1
815   8965   -0.733      9:28.8
