Iter. Eval. Best      Time m:s
0     10    -7.565624   0:00.7
1     20    -7.565624   0:01.2
2     30    -7.565624   0:01.6
3     40    -7.565624   0:02.0
20    210   -5.279481   0:10.0
40    410   -5.115567   0:19.0
60    610   -5.046088   0:28.4
80    810   -5.04566    0:37.9
100   1010  -5.044829   0:48.2
120   1210  -5.044154   0:57.9
140   1410  -5.043913   1:09.6
160   1610  -5.043839   1:19.3
180   1810  -5.043828   1:29.0
200   2010  -5.043822   1:38.7
220   2210  -5.043821   1:48.3
240   2410  -5.04382    1:57.5
260   2610  -5.043817   2:06.8
280   2810  -5.043817   2:15.8
300   3010  -5.043816   2:25.3
320   3210  -5.043816   2:34.7
340   3410  -5.043812   2:44.2
360   3610  -5.043812   2:54.3
380   3810  -5.043812   3:04.9
400   4010  -5.043812   3:15.4
420   4210  -5.043812   3:24.8
440   4410  -5.043812   3:33.8
460   4610  -5.043812   3:42.9
480   4810  -5.043812   3:51.9
500   5010  -5.043812   4:01.3
520   5210  -5.043812   4:10.8
540   5410  -5.043809   4:21.0
560   5610  -5.043809   4:30.4
580   5810  -5.043809   4:39.6
600   6010  -5.043809   4:49.0
620   6210  -5.043809   4:59.0
640   6410  -5.043809   5:09.6
660   6610  -5.043809   5:18.8
680   6810  -5.043809   5:28.6
700   7010  -5.043809   5:37.8
720   7210  -5.043809   5:47.2
728   7280  -5.043809   5:50.8
