Iter. Eval. Best      Time m:s
0     10    -47.58295   0:01.1
1     20    -32.3512    0:02.2
2     30    -20.45474   0:03.3
3     40    -20.45474   0:04.3
20    210   -12.16079   0:22.2
40    410   -11.44821   0:51.8
60    610   -10.66465   1:29.4
80    810   -10.29907   2:03.8
100   1010  -10.15046   2:33.9
120   1210  -9.230718   3:02.4
140   1410  -8.270591   3:24.4
160   1610  -6.241354   3:48.9
180   1810  -5.478394   4:10.8
200   2010  -5.270171   4:33.1
220   2210  -5.230787   4:57.7
240   2410  -5.217275   5:20.7
260   2610  -5.213632   5:45.1
280   2810  -5.211602   6:09.3
300   3010  -5.202514   6:31.9
320   3210  -5.146042   6:53.9
340   3410  -5.052275   7:17.1
360   3610  -4.991586   7:40.4
380   3810  -4.980592   8:01.9
400   4010  -4.978165   8:24.2
420   4210  -4.977354   8:52.1
440   4410  -4.976921   9:16.9
460   4610  -4.976842   9:39.6
480   4810  -4.976808  10:02.9
500   5010  -4.976793  10:24.4
520   5181  -4.976789  10:47.0
540   5345  -4.976788  11:07.6
560   5534  -4.976788  11:28.1
580   5724  -4.976788  11:49.9
600   5911  -4.976787  12:12.5
620   6094  -4.976787  12:34.3
640   6277  -4.976787  12:54.6
660   6476  -4.976787  13:16.7
680   6671  -4.976787  13:37.6
700   6871  -4.976787  13:59.2
720   7071  -4.976787  14:23.8
740   7271  -4.976787  14:47.6
760   7471  -4.976787  15:08.2
780   7671  -4.976787  15:28.7
800   7871  -4.976787  15:49.9
820   8071  -4.976787  16:11.1
840   8271  -4.976787  16:37.1
860   8471  -4.976787  17:03.7
870   8561  -4.976787  17:16.1
