Iter. Eval.  Best      Time m:s
0     11     -1.49845    0:00.4
1     22     -1.49845    0:01.2
2     33     -1.49845    0:02.2
3     44     -1.49845    0:03.1
20    231    -0.599      0:18.7
40    451    -0.19       0:37.4
60    671    -0.165      0:56.3
80    891    -0.0842     1:14.9
100   1111   -0.0268     1:33.4
120   1331   -0.00509    1:51.9
140   1551   -0.00509    2:10.6
160   1771   -0.00504    2:29.2
180   1991   -0.00354    2:47.8
200   2211   -0.00186    3:05.8
220   2431   -0.000877   3:23.2
240   2651   -0.000626   3:41.4
260   2871   -0.000453   3:59.9
280   3091   -0.000328   4:18.5
300   3311   -0.000281   4:37.2
320   3531   -0.000214   4:55.9
340   3751   -0.000127   5:13.7
360   3971   -6.27e-05   5:30.9
380   4191   -6.27e-05   5:47.5
400   4411   -6.27e-05   6:04.2
420   4631   -9.35e-06   6:22.2
440   4851   -8.68e-06   6:40.3
460   5071   -2.17e-06   6:58.8
480   5291   -2.17e-06   7:17.1
500   5511   -2.17e-06   7:35.3
520   5731   -1.17e-06   7:53.5
540   5951   -1.06e-06   8:11.9
560   6171   -1.01e-06   8:33.6
580   6391   -9.7e-07    8:53.0
600   6611   -9.23e-07   9:11.6
620   6831   -8.84e-07   9:29.6
640   7051   -8.44e-07   9:47.5
660   7271   -8.24e-07  10:05.4
680   7491   -7.78e-07  10:23.2
700   7711   -6.19e-07  10:41.0
720   7931   -2.45e-07  10:59.1
740   8151   -8.9e-08   11:17.0
760   8371   -6.9e-08   11:35.1
780   8591   -5.63e-08  11:53.1
800   8811   -5.63e-08  12:11.1
820   9031   -5.57e-08  12:29.2
840   9251   -5.56e-08  12:47.2
860   9471   -5.56e-08  13:05.0
880   9691   -5.56e-08  13:22.9
900   9911   -5.55e-08  13:40.8
920   10131  -5.48e-08  13:58.7
940   10351  -5.48e-08  14:16.7
960   10571  -5.48e-08  14:34.7
980   10791  -5.48e-08  14:52.6
1000  11011  -5.48e-08  15:10.5
1020  11231  -5.48e-08  15:28.5
1040  11451  -5.48e-08  15:46.6
1060  11671  -5.48e-08  16:04.6
1080  11891  -5.48e-08  16:22.7
1100  12111  -5.48e-08  16:40.6
1117  12287  -5.48e-08  16:55.1
