Iter. Eval.  Best      Time m:s
0     11     -1.616142   0:00.7
1     22     -1.616142   0:01.4
2     33     -1.616142   0:02.1
3     40     -1.616142   0:02.5
20    222    -0.223      0:13.4
40    442    -0.103      0:25.8
60    662    -0.0559     0:39.8
80    882    -0.0317     0:53.9
100   1102   -0.00943    1:08.0
120   1322   -0.00815    1:22.0
140   1542   -0.00514    1:36.1
160   1762   -0.00171    1:50.1
180   1982   -0.000464   2:04.1
200   2202   -0.000221   2:39.4
220   2422   -0.000159   3:20.9
240   2642   -0.000127   3:51.6
260   2862   -0.000116   4:27.0
280   3082   -0.000106   5:08.3
300   3302   -8.41e-05   5:27.4
320   3522   -5.76e-05   8:51.4
340   3742   -4.08e-05   9:05.2
360   3962   -2.97e-05   9:19.0
380   4182   -2.39e-05   9:32.8
400   4402   -2.2e-05    9:46.6
420   4622   -1.91e-05  10:00.7
440   4842   -1.58e-05  10:14.8
460   5062   -1.55e-05  10:28.7
480   5282   -1.33e-05  10:42.8
500   5502   -1.19e-05  10:58.4
520   5722   -1.1e-05   11:12.6
540   5942   -1.06e-05  11:26.6
560   6162   -1.05e-05  11:40.5
580   6382   -1.03e-05  11:54.4
600   6602   -9.89e-06  12:08.5
620   6822   -7.98e-06  12:22.5
640   7042   -7.54e-06  12:36.7
660   7262   -6.84e-06  12:50.7
680   7482   -6.53e-06  13:04.6
700   7702   -6.17e-06  13:19.0
720   7922   -5.97e-06  13:33.1
740   8142   -5.92e-06  13:47.2
760   8362   -5.91e-06  14:01.1
780   8582   -5.9e-06   14:15.1
800   8802   -5.9e-06   14:29.0
820   9022   -5.9e-06   14:42.8
840   9242   -5.9e-06   14:56.8
860   9462   -5.89e-06  15:10.6
880   9682   -5.89e-06  15:24.5
900   9902   -5.89e-06  15:38.4
920   10122  -5.89e-06  15:52.2
940   10342  -5.89e-06  16:05.9
960   10562  -5.89e-06  16:19.6
980   10782  -5.89e-06  16:34.0
1000  11002  -5.89e-06  16:47.9
1020  11222  -5.89e-06  17:01.7
1040  11442  -5.89e-06  17:15.5
1060  11662  -5.89e-06  17:29.4
1080  11882  -5.89e-06  17:43.4
1095  12036  -5.89e-06  17:53.1
