Iter. Eval. Best      Time m:s
0     9     -88.02334   0:00.5
1     18    -88.02334   0:00.7
2     27    -88.02334   0:01.0
3     36    -82.3971    0:01.4
20    189   -61.62014   0:11.4
40    369   -60.04946   0:23.4
60    549   -59.54044   0:33.0
80    729   -59.37656   0:42.9
100   909   -58.73068   0:53.0
120   1089  -57.11229   1:03.7
140   1269  -56.72689   1:19.3
160   1449  -55.71358   1:29.8
180   1629  -53.48565   1:40.4
200   1809  -52.34721   1:52.8
220   1989  -51.69589   2:12.8
240   2169  -51.65792   2:35.0
260   2349  -51.65248   2:54.0
280   2529  -51.65127   3:09.8
300   2709  -51.65112   3:25.6
320   2889  -51.65111   3:43.3
340   3069  -51.65111   3:58.0
360   3249  -51.65111   4:12.4
380   3429  -51.65111   4:26.5
400   3609  -51.65111   4:42.1
420   3789  -51.65111   4:57.4
440   3969  -51.65111   5:11.8
460   4149  -51.65111   5:26.7
480   4329  -51.65111   5:45.3
500   4509  -51.65111   6:00.7
520   4689  -51.6511    6:13.8
540   4869  -51.6511    6:29.8
560   5049  -51.6511    6:47.8
580   5229  -51.6511    7:01.8
600   5409  -51.6511    7:16.1
620   5589  -51.6511    7:30.1
640   5769  -51.6511    7:47.4
660   5949  -51.6511    8:02.1
680   6129  -51.6511    8:16.0
700   6309  -51.6511    8:29.8
720   6489  -51.6511    8:43.7
740   6669  -51.6511    8:58.0
760   6849  -51.6511    9:13.2
773   6957  -51.6511    9:23.5
