6.399325617383179177e-01 2.340834283550554673e-01 -3.541517446686295867e-02 -3.067922397901320930e-01 4.265929229860886407e-01 3.154663395043820207e-01 1.919445657111049364e-01 3.034458262822646302e-01 -1.091072669437047060e-01 -1.338795255805968198e-01 8.050456679161710483e-03
6.403924726512085774e-01 2.343518664912096761e-01 -3.544779942849293763e-02 -3.071010615276404954e-01 4.267782235086238773e-01 3.156012859082855115e-01 1.920224212041948542e-01 3.035593119899162029e-01 -1.091558894219970682e-01 -1.340583227375550524e-01 8.065547550949660194e-03
6.412067716702918307e-01 2.348271451547306876e-01 -3.550556428711394708e-02 -3.076478429355193334e-01 4.271063097837263234e-01 3.158401929524891072e-01 1.921602568104956998e-01 3.037602259224712054e-01 -1.092419705196095714e-01 -1.343749154624644948e-01 8.092264038279574009e-03
6.412090993226216007e-01 2.348280907642887883e-01 -3.550567399334549068e-02 -3.076480198416536305e-01 4.271078399621795474e-01 3.158409793795904363e-01 1.921604596956713040e-01 3.037609034043814438e-01 -1.092423111289262810e-01 -1.343750044756142625e-01 8.092350249420638547e-03
6.412115114379715042e-01 2.348290465177111375e-01 -3.550578613141754103e-02 -3.076482365864254831e-01 4.271094182289736363e-01 3.158417736937385589e-01 1.921606718019332749e-01 3.037615988506687792e-01 -1.092426515863181291e-01 -1.343751464056560097e-01 8.092430177075846456e-03
6.412345734308581013e-01 2.348376666844977367e-01 -3.550678337823596348e-02 -3.076493162981103202e-01 4.271254017968115213e-01 3.158494175685885863e-01 1.921625772663478893e-01 3.037682927569896885e-01 -1.092459605813579648e-01 -1.343762607441041923e-01 8.093197779018648091e-03
6.414723633306940176e-01 2.349323778768530047e-01 -3.551808733324408884e-02 -3.076642610014718171e-01 4.272866631497032608e-01 3.159277665333339868e-01 1.921833020624513222e-01 3.038369447512624943e-01 -1.092797703365209344e-01 -1.343908466973572913e-01 8.101024939753674256e-03
6.438565139004387428e-01 2.358896640180096205e-01 -3.563556799933112473e-02 -3.078576499504220854e-01 4.288657723285614343e-01 3.167192682922179703e-01 1.923990448594826153e-01 3.045356407715745228e-01 -1.096217056015206387e-01 -1.344931382387758723e-01 8.176290436821010907e-03
6.558353742489569926e-01 2.405970092056087251e-01 -3.620257116320897001e-02 -3.082847428363352793e-01 4.370696037532451617e-01 3.206357473048400686e-01 1.933471335077781017e-01 3.079384837141792564e-01 -1.113483998372183092e-01 -1.349830639216458295e-01 8.585949011690893751e-03
6.749040681376329287e-01 2.473407367861636952e-01 -3.697489565890450108e-02 -3.083944659675064148e-01 4.503915290132171068e-01 3.262772294899440872e-01 1.943895610229548765e-01 3.128381415294530510e-01 -1.139203419743283208e-01 -1.355015554714071591e-01 9.189358685266456328e-03
7.090151290762396474e-01 2.590537537105919164e-01 -3.837022147308628839e-02 -3.073065654810261949e-01 4.750082860465044132e-01 3.358369197597489419e-01 1.959158958429964847e-01 3.212288822646987563e-01 -1.184105903006027333e-01 -1.360992375489665784e-01 1.016720259563621935e-02
7.427595887047949708e-01 2.693748123564240760e-01 -3.967614650246772956e-02 -3.036721765815995067e-01 5.017514427933451593e-01 3.447016601236951305e-01 1.970478327943495644e-01 3.291378374847759303e-01 -1.227873657464438467e-01 -1.358367313778426899e-01 1.099974682848476812e-02
7.969490826280356544e-01 2.826543970609941558e-01 -4.149488970216045486e-02 -2.941866459088550156e-01 5.493563922515928288e-01 3.582764262467413863e-01 1.986881685977170131e-01 3.414888804734632632e-01 -1.298251437723929869e-01 -1.335829366639061377e-01 1.209174493030487456e-02
8.553193155058579356e-01 2.929279925529930106e-01 -4.308716275000205181e-02 -2.825957913206446070e-01 6.045213467624678261e-01 3.705913040647277890e-01 1.996992246542916016e-01 3.530522647659485869e-01 -1.367304829604468197e-01 -1.301142525268756400e-01 1.281103518364341311e-02
9.178856268065196389e-01 2.982917182183684734e-01 -4.412157553575205005e-02 -2.685207336195246652e-01 6.683638322264990883e-01 3.797733696338637666e-01 1.990817818743950141e-01 3.620170669993804657e-01 -1.428038422504422922e-01 -1.256097865069286112e-01 1.311736453247440599e-02
9.880263285041707144e-01 3.003456221890627442e-01 -4.472772862734325505e-02 -2.532912670792598075e-01 7.422188583179774035e-01 3.851199065901384500e-01 1.966818970130775890e-01 3.675876535503843079e-01 -1.477180232191664666e-01 -1.209216087699825082e-01 1.307817216788412576e-02
1.073682696970194694e+00 3.018439211889891727e-01 -4.505350763825911875e-02 -2.401959070142299923e-01 8.299442016390646826e-01 3.875505014697860906e-01 1.930079702902400274e-01 3.704722668532900998e-01 -1.516722639977979570e-01 -1.165366199827473914e-01 1.284106386981105803e-02
1.185907983301405677e+00 3.029543787014005729e-01 -4.507718597540880806e-02 -2.297897846514362907e-01 9.418581444252211998e-01 3.888162943941633753e-01 1.890728509592716211e-01 3.725270150284320514e-01 -1.553312451224889146e-01 -1.114639819402757637e-01 1.235210436009205603e-02
1.341409766847005969e+00 3.066873967670122325e-01 -4.498039581388586783e-02 -2.230962806490371098e-01 1.091174132816461029e+00 3.891323744349120539e-01 1.849259043893734800e-01 3.737035448657101133e-01 -1.587857388070875730e-01 -1.066820678178728582e-01 1.177630524380209390e-02
1.561424954424487588e+00 3.177921615722582027e-01 -4.468696132048334546e-02 -2.244550812315713184e-01 1.289836412229726559e+00 3.867661210041787867e-01 1.795489013338513185e-01 3.719193998029127757e-01 -1.612341928613159892e-01 -1.024067590491141155e-01 1.135620183347725055e-02
1.903196326409075878e+00 3.447655174042099091e-01 -4.436175874928182522e-02 -2.409299926611432052e-01 1.580725077435561454e+00 3.850195472052510004e-01 1.746797524450588168e-01 3.706717707408065943e-01 -1.640371705071152486e-01 -9.871323947668683707e-02 1.098600343299826684e-02
2.125916092784279510e+00 3.658052417781911814e-01 -4.417251986910183947e-02 -2.560570565728166326e-01 1.764124507714036394e+00 3.858954482483962778e-01 1.733089857976131132e-01 3.718427972655668490e-01 -1.660810086511899930e-01 -9.729618472593568046e-02 1.076216081139468733e-02
2.416756222558236633e+00 3.975522759033543463e-01 -4.391820634927077333e-02 -2.798441810914398253e-01 1.996143206670990100e+00 3.886188437779572458e-01 1.727908253758180801e-01 3.748795680111989825e-01 -1.689670458996775648e-01 -9.593831966739904682e-02 1.052730433534780630e-02
2.820638588546214187e+00 4.485605126104402762e-01 -4.368613996081971429e-02 -3.186206743519316431e-01 2.307266803354980134e+00 3.959335807867060408e-01 1.743306556785906292e-01 3.825536147778250684e-01 -1.739414338198433385e-01 -9.445166460887917392e-02 1.025976719264085416e-02
3.408850447630372482e+00 5.375516253519471155e-01 -4.352450472123527148e-02 -3.850481872458315080e-01 2.737272498426733591e+00 4.084212043599649844e-01 1.780824279427794254e-01 3.955024698121083482e-01 -1.813082475396302351e-01 -9.283478504522382768e-02 9.919938130287851361e-03
3.795904752852882424e+00 6.047068363471008734e-01 -4.346165537488891339e-02 -4.339503819465513890e-01 3.006965734739639018e+00 4.157879430080529404e-01 1.803728608678172030e-01 4.031096923944574306e-01 -1.855108829703293882e-01 -9.214053052223049323e-02 9.743631552897372844e-03
4.287892795694031811e+00 6.994527776036343347e-01 -4.336040338439697134e-02 -5.014688974889112139e-01 3.335421623117431622e+00 4.241809010454912210e-01 1.829939900390928909e-01 4.117207951867014049e-01 -1.901754870022193400e-01 -9.148810989816279216e-02 9.580340575155475019e-03
4.936529428570956668e+00 8.391481109771938840e-01 -4.324348396991612581e-02 -5.976070885919984033e-01 3.747079187113784737e+00 4.344104834293425199e-01 1.862373291231192995e-01 4.221107769289206280e-01 -1.956444704706791216e-01 -9.089310608812681269e-02 9.457574128799986143e-03
5.823701756903005844e+00 1.056540579380479183e+00 -4.311719970784318179e-02 -7.398818924937106134e-01 4.273448731146816115e+00 4.465877854548978010e-01 1.900443800221352231e-01 4.343890485321995065e-01 -2.018867467884405964e-01 -9.025017024595989590e-02 9.372756102822323021e-03
6.406731053437773049e+00 1.213857076522988576e+00 -4.300829315708524364e-02 -8.386547702494835388e-01 4.599569853187295720e+00 4.535434808040073595e-01 1.921484610151738270e-01 4.413684407512724062e-01 -2.053281675837799192e-01 -8.980555433453936420e-02 9.347273846537188999e-03
7.126738384420149508e+00 1.423094292596770671e+00 -4.286968983351829854e-02 -9.650791930913061867e-01 4.983050288586043486e+00 4.616041811341503598e-01 1.945705317488304609e-01 4.494275967907835900e-01 -2.091728670792459555e-01 -8.932574579703339568e-02 9.339449616826837539e-03
8.040846054906344520e+00 1.710406609485340512e+00 -4.270453476105826041e-02 -1.130803824340322894e+00 5.443308590544698511e+00 4.713642599014404855e-01 1.975017076232282731e-01 4.591697007954917975e-01 -2.136338441252580989e-01 -8.884311338646076750e-02 9.342821085943409792e-03
9.224735938535060242e+00 2.118962308651762161e+00 -4.249867163908817996e-02 -1.352800268165115893e+00 5.995695352225649088e+00 4.827064930931263542e-01 2.007541236516146299e-01 4.704005003735572954e-01 -2.185532843165561845e-01 -8.823001350904245699e-02 9.413769553127691869e-03
1.081626190420003653e+01 2.728673850201464912e+00 -4.219571906681252732e-02 -1.659904786884632166e+00 6.669015384472746000e+00 4.962124961436251147e-01 2.043565439280712881e-01 4.836364613465792828e-01 -2.240050469058145755e-01 -8.733285760501667550e-02 9.593936577466549362e-03
1.183899008413228238e+01 3.150554986796775481e+00 -4.198938204668966473e-02 -1.859853192349183226e+00 7.069024809226412742e+00 5.044253494199415488e-01 2.064702054787638796e-01 4.916495042231078250e-01 -2.271392705650503718e-01 -8.676428811739053670e-02 9.728536136366624024e-03
1.308068511482037266e+01 3.694300515145120478e+00 -4.174224915118628088e-02 -2.103873877399717429e+00 7.521958382407778032e+00 5.139109892924889067e-01 2.088161451533823987e-01 5.008695200781545509e-01 -2.305855656778531548e-01 -8.610741873022600967e-02 9.910256680092240436e-03
1.461708175567556900e+01 4.411885529004809570e+00 -4.141749652694079464e-02 -2.405939733532809655e+00 8.037440422397782669e+00 5.250625575743833595e-01 2.114397419811901435e-01 5.116573867116915864e-01 -2.344147883489414164e-01 -8.528331694003207786e-02 1.016048811303876115e-02
1.656635798325527276e+01 5.388069734219555151e+00 -4.097351021348469985e-02 -2.786453767192637709e+00 8.628316143815442985e+00 5.386279297327808413e-01 2.144867561147956181e-01 5.247160238710968372e-01 -2.388066222525702664e-01 -8.418009371480253411e-02 1.051235950975284821e-02
1.912660065284629951e+01 6.770701622264600594e+00 -4.033997658821993071e-02 -3.277145171828987458e+00 9.312835260776289203e+00 5.557926793387305553e-01 2.181632898401681397e-01 5.411601713923565038e-01 -2.440363680162238869e-01 -8.264543270427057720e-02 1.101351525427179089e-02
2.262969566171138780e+01 8.827295837538875034e+00 -3.935972070732410288e-02 -3.925143548611795374e+00 1.010761756499234387e+01 5.782620507418962941e-01 2.227159739676475292e-01 5.625606955995511305e-01 -2.504568079424335791e-01 -8.033994135132827008e-02 1.175829013056378138e-02
2.482670003103979894e+01 1.019822164963577293e+01 -3.869038433221966972e-02 -4.317106265537603349e+00 1.053917194251248191e+01 5.917382402488805537e-01 2.253082843888958298e-01 5.753385206847021482e-01 -2.541085179400566774e-01 -7.877257203397505791e-02 1.224698337691278865e-02
2.747635337356232554e+01 1.193347421616660675e+01 -3.781900139697774027e-02 -4.771908644773841246e+00 1.099536687849819927e+01 6.073486047538881882e-01 2.281845663903775412e-01 5.900812196157101397e-01 -2.581776265673206283e-01 -7.673148304630769689e-02 1.285474683360986019e-02
3.071073830176217712e+01 1.416363799154619585e+01 -3.664313099429031967e-02 -5.298933773912853695e+00 1.146785316590420223e+01 6.254994934468828260e-01 2.313757392571527405e-01 6.071322292756592409e-01 -2.627373411304217976e-01 -7.399671068928713458e-02 1.362448996892643739e-02
3.467459378783975410e+01 1.706011350163480600e+01 -3.499035291805850656e-02 -5.899585828808749710e+00 1.192776343485710377e+01 6.457764539178366681e-01 2.345902359196573583e-01 6.260084226968244403e-01 -2.675065430085238338e-01 -7.019711607598007330e-02 1.460518117349993844e-02
3.948333069084831237e+01 2.081939813968422470e+01 -3.258726158096630215e-02 -6.554002834743645423e+00 1.231249187413714274e+01 6.666764147713450939e-01 2.372011370985593337e-01 6.451330390833061035e-01 -2.718389287221857908e-01 -6.472134846442748057e-02 1.584991059160081525e-02
4.506545938694032571e+01 2.556313576915365360e+01 -2.901833376065972650e-02 -7.190413373656653562e+00 1.249848873551732886e+01 6.840626192848330289e-01 2.378469760691263868e-01 6.603429646057502600e-01 -2.742540976153819976e-01 -5.666722220703813984e-02 1.737703771505456907e-02
5.076474678526930973e+01 3.102434468329589379e+01 -2.382330378855441327e-02 -7.635130010515157828e+00 1.226744928088890596e+01 6.883200207969119022e-01 2.336944547581030485e-01 6.621698836951112055e-01 -2.715433266097255216e-01 -4.503800126966683859e-02 1.908288655640993231e-02
5.348881837660131566e+01 3.402344393052162275e+01 -2.027780209867091968e-02 -7.717830770548620656e+00 1.189246777743356809e+01 6.811657326075729602e-01 2.283956322630449065e-01 6.537177060757750624e-01 -2.667054307504186372e-01 -3.710711363702866306e-02 1.999334965100016057e-02
5.559720214449625786e+01 3.676206927371801925e+01 -1.633155916944079369e-02 -7.641242280230329698e+00 1.131911528310147652e+01 6.653685362089940547e-01 2.205864807941546046e-01 6.367780484507886696e-01 -2.590055965825974749e-01 -2.825349243670066332e-02 2.079329462524282662e-02
5.692392722057472554e+01 3.905158645894804437e+01 -1.219242961264708526e-02 -7.400543723395028195e+00 1.057586751147729309e+01 6.413352732955407420e-01 2.105950308286770600e-01 6.118650483071224055e-01 -2.487370485527536923e-01 -1.892090108545136165e-02 2.140701137676365162e-02
5.749495568951046209e+01 4.082267264479483515e+01 -8.111305415268471597e-03 -7.025798299406973868e+00 9.729260909058588425e+00 6.115131948885503821e-01 1.993407015472407340e-01 5.814812860562261765e-01 -2.368795446481939404e-01 -9.651236229009478584e-03 2.179468668266872078e-02
5.748770123843346624e+01 4.212784646663165233e+01 -4.291522152015071409e-03 -6.566626700859437449e+00 8.855738075789808761e+00 5.791670389331522451e-01 1.878924985423711669e-01 5.488765348362586449e-01 -2.246202080355049757e-01 -9.113651256743614607e-04 2.196601852712424738e-02
5.713891722600805423e+01 4.309414542867254738e+01 -8.517711808084045717e-04 -6.072608925486012943e+00 8.016189995963509674e+00 5.471033927831111532e-01 1.770742929821050027e-01 5.168075422613956915e-01 -2.128969535705934335e-01 7.013739115407769016e-03 2.195639528830384962e-02
5.666028385211445340e+01 4.386065628445014397e+01 2.174185852557304621e-03 -5.580856837739968768e+00 7.246376083304095772e+00 5.172134629626176094e-01 1.673785359630278191e-01 4.871033689365159569e-01 -2.022909575008062788e-01 1.403813206678977341e-02 2.180967765075354781e-02
5.621668113101490860e+01 4.455488341636326055e+01 4.809101168410765022e-03 -5.114316569089222497e+00 6.560704174821792023e+00 4.904210861374921349e-01 1.589761921756729923e-01 4.606158591625058585e-01 -1.930334962868108517e-01 2.019269329397017920e-02 2.157755361328224722e-02
5.591796192864332227e+01 4.527412194383160227e+01 7.101938590399273221e-03 -4.684461489768901643e+00 5.960062004737226360e+00 4.670034426768731040e-01 1.518578782526611992e-01 4.375728944535431930e-01 -1.851448266781859087e-01 2.557088596386314014e-02 2.129515625154209529e-02
5.583395928435700739e+01 4.666875874795461954e+01 1.036821108297630856e-02 -4.041103605105715424e+00 5.106904843822587026e+00 4.341711925369015623e-01 1.422478742162340548e-01 4.054581852706477529e-01 -1.744205195867713221e-01 3.326035918137129621e-02 2.075670195783804045e-02
5.632772525894679205e+01 4.839019715369658314e+01 1.304668698937667785e-02 -3.489987068797659298e+00 4.415721690378045849e+00 4.083126561257108822e-01 1.350400632093081421e-01 3.803499123599949350e-01 -1.663118911604383743e-01 3.958844500911198189e-02 2.019499107135425131e-02
5.747335778537231477e+01 5.056357548891403297e+01 1.529676600222318675e-02 -3.017443045891901487e+00 3.848305500024801873e+00 3.879543749791227181e-01 1.296530356615262780e-01 3.607271010604224948e-01 -1.602081553218877297e-01 4.491831432047915101e-02 1.964447945220002684e-02
5.927154282526696960e+01 5.323891801211100727e+01 1.722908381080985249e-02 -2.606328206455959862e+00 3.371826836204475430e+00 3.716760064233028960e-01 1.255785851138318254e-01 3.451559341127825586e-01 -1.555577475515949881e-01 4.950906906187078210e-02 1.911515227157957464e-02
6.180226195319013272e+01 5.652933220064664965e+01 1.892643904561241985e-02 -2.244656236730123489e+00 2.964699887718589277e+00 3.584901978270437772e-01 1.224714448375838621e-01 3.326459693021518449e-01 -1.519856376925635411e-01 5.353890601944610167e-02 1.860912996807766867e-02
6.520394778838083027e+01 6.059518003346199322e+01 2.044520306902276874e-02 -1.924339023442153351e+00 2.612814456515088590e+00 3.476994310877449257e-01 1.200847218605404221e-01 3.224904583421304705e-01 -1.492265117844238098e-01 5.711292444924406103e-02 1.813281959804631874e-02
6.947663376130195445e+01 6.546789514977955093e+01 2.183104682411626460e-02 -1.631805965010018067e+00 2.298043015689752444e+00 3.385226951745912705e-01 1.181751501255791509e-01 3.139128616043443953e-01 -1.470086851752025192e-01 6.034546940489433908e-02 1.768285417073297769e-02
7.473281222264711232e+01 7.127490735572621361e+01 2.310810734193467775e-02 -1.360853969094120375e+00 2.011481152961244412e+00 3.305731487799791757e-01 1.166248110323105797e-01 3.065352195063318352e-01 -1.451977113823071375e-01 6.330476603714781103e-02 1.725297853141949736e-02
8.139739829149000627e+01 7.844222527575155368e+01 2.429054241864653588e-02 -1.111701769924343886e+00 1.751773932166232672e+00 3.237054541319136503e-01 1.153718245211887011e-01 3.002062099880598023e-01 -1.437300458360315225e-01 6.601516823276355750e-02 1.684752348454049420e-02
8.954276344551074374e+01 8.705902492339977528e+01 2.540184798177387571e-02 -8.766795685685778716e-01 1.509642555838927924e+00 3.175141318790539180e-01 1.142968939875487339e-01 2.945329870668378369e-01 -1.424681183167135212e-01 6.854487827447713899e-02 1.645746391911940068e-02
9.939680864891032286e+01 9.735953953148155904e+01 2.644567109463130672e-02 -6.531793293425857128e-01 1.281309708269762648e+00 3.117824637429389978e-01 1.133276401906453817e-01 2.893003879898571884e-01 -1.413286127093373590e-01 7.089164731605183956e-02 1.608227806654577083e-02
