-2.883895675780919543e+00 -4.818670720380380246e+00 -9.613308654501913963e+00 -1.112851995260629723e+00 -4.130232595864802292e+00 -2.346035975960497399e+00 -3.791542716054419504e+00 -3.037037514625684498e+00 -2.745414833454455916e+00
-2.883895680803159056e+00 -4.818670696711710555e+00 -9.613308633377679158e+00 -1.112851866517962973e+00 -4.130232529925055296e+00 -2.346035852278222311e+00 -3.791542764004044663e+00 -3.037037472813638672e+00 -2.745414829951609015e+00
-2.883895746469900434e+00 -4.818670387898706942e+00 -9.613308355556654305e+00 -1.112850191813161693e+00 -4.130231672239556673e+00 -2.346034243976433231e+00 -3.791543387973141055e+00 -3.037036931210244539e+00 -2.745414783979855056e+00
-2.883895812136869186e+00 -4.818670079085746849e+00 -9.613308077734624035e+00 -1.112848517105984758e+00 -4.130230814553553564e+00 -2.346032635672385069e+00 -3.791544011943524417e+00 -3.037036389606891706e+00 -2.745414738008005173e+00
-2.883895877804033780e+00 -4.818669770272900443e+00 -9.613307799911757101e+00 -1.112846842396595148e+00 -4.130229956867143670e+00 -2.346031027366244803e+00 -3.791544635915145012e+00 -3.037035848003656113e+00 -2.745414692036056259e+00
-2.883896534498189723e+00 -4.818666682150402281e+00 -9.613305021589351185e+00 -1.112830095071130287e+00 -4.130221379955512084e+00 -2.346014944082350340e+00 -3.791550875758156636e+00 -3.037030431982403744e+00 -2.745414232308643676e+00
-2.883903103519699140e+00 -4.818635801564798982e+00 -9.613277229412169334e+00 -1.112662598668445968e+00 -4.130135606309783824e+00 -2.345854089304335144e+00 -3.791613286851981179e+00 -3.036976272815283817e+00 -2.745409634067854210e+00
-2.883969002617343236e+00 -4.818327040363784342e+00 -9.612998426566043975e+00 -1.110985331365790918e+00 -4.129277423277622816e+00 -2.344243341726814478e+00 -3.792238655417916160e+00 -3.036434825608249177e+00 -2.745363567134121663e+00
-2.884461025531478651e+00 -4.816079503689746133e+00 -9.610915069142862421e+00 -1.098637174690629159e+00 -4.122997831118153655e+00 -2.332385885477475274e+00 -3.796864342048125174e+00 -3.032494856963866781e+00 -2.745022959598145018e+00
-2.884843222519402950e+00 -4.814371593800868432e+00 -9.609297283389571120e+00 -1.089160287436065522e+00 -4.118200610631919112e+00 -2.323285685661251598e+00 -3.800428200712727023e+00 -3.029495616319823892e+00 -2.744760823447263132e+00
-2.885232079999522803e+00 -4.812664677836250071e+00 -9.607651436848641424e+00 -1.079604458565042613e+00 -4.113387224081696658e+00 -2.314111536774029254e+00 -3.804035476116937708e+00 -3.026501016533397870e+00 -2.744494900887879840e+00
-2.886144077631961125e+00 -4.808840601280374827e+00 -9.603783802519346935e+00 -1.057765750095276180e+00 -4.102509743826874278e+00 -2.293151896260463563e+00 -3.812352859376127778e+00 -3.019809184268710034e+00 -2.743880719727592954e+00
-2.887094815854720053e+00 -4.805032795464332374e+00 -9.599750672018325659e+00 -1.035538930700009130e+00 -4.091555265239462891e+00 -2.271823767147859829e+00 -3.820891376734669720e+00 -3.013138888649722347e+00 -2.743250147039843601e+00
-2.888081690540289515e+00 -4.801249549419947193e+00 -9.595572664792550555e+00 -1.012914883074711447e+00 -4.080532328166807332e+00 -2.250122890070865633e+00 -3.829668851380496619e+00 -3.006504332475688379e+00 -2.742599752241980937e+00
-2.889115561909846086e+00 -4.797469563632250633e+00 -9.591195079740788998e+00 -9.898764766529198900e-01 -4.069426859701900767e+00 -2.228022363313184151e+00 -3.838685752257347428e+00 -2.999907845448161581e+00 -2.741936080021391664e+00
-2.891054245525159772e+00 -4.790945766815023710e+00 -9.582979520739087320e+00 -9.483733972858761074e-01 -4.049830834865232099e+00 -2.188244902351708099e+00 -3.855232805275232266e+00 -2.988548645465500808e+00 -2.740706850619010204e+00
-2.894464039382947274e+00 -4.780192583198637379e+00 -9.568501260714972645e+00 -8.776904425132719956e-01 -4.017010474439922874e+00 -2.120541116182029118e+00 -3.883799845967250253e+00 -2.969907813706977429e+00 -2.738578286424308672e+00
-2.898299593277859465e+00 -4.769675065950417903e+00 -9.552245211395334223e+00 -8.034159410942729451e-01 -3.983657557878990119e+00 -2.049470678352040665e+00 -3.914747329716615099e+00 -2.951821451646411631e+00 -2.736265373283269575e+00
-2.905941597493347128e+00 -4.752565993942732270e+00 -9.519960703177703820e+00 -6.695614592065550763e-01 -3.926321901779404655e+00 -1.921648647723757097e+00 -3.973309246829069608e+00 -2.923074309926295911e+00 -2.731853672810562905e+00
-2.915185787885893554e+00 -4.736481083698372174e+00 -9.481054350750651949e+00 -5.260238433834477645e-01 -3.868404532132420748e+00 -1.785027080938667243e+00 -4.040273233029728850e+00 -2.897297873340122010e+00 -2.726737019382043936e+00
-2.926161835512841591e+00 -4.721628221507137901e+00 -9.435106883351126683e+00 -3.750913249348619694e-01 -3.811006482927690620e+00 -1.641955481269047112e+00 -4.116016831198068715e+00 -2.875249793838242418e+00 -2.720861941070954249e+00
-2.938830084878451654e+00 -4.708169361599805036e+00 -9.382342877290923866e+00 -2.207015963855517016e-01 -3.755616244446024599e+00 -1.496363298709116219e+00 -4.200067751089095580e+00 -2.857536106619628313e+00 -2.714235716923993458e+00
-2.953024683357469371e+00 -4.696184052711174672e+00 -9.323666229449072418e+00 -6.680689644046690356e-02 -3.703457996159421395e+00 -1.352118986256868549e+00 -4.291580133419740761e+00 -2.844344330933763487e+00 -2.706921738056529136e+00
-2.968516167017889007e+00 -4.685590059469905810e+00 -9.260241121930256725e+00 8.322698065759620567e-02 -3.655284282616259262e+00 -1.212501541988265430e+00 -4.389721012329509620e+00 -2.835317704730455635e+00 -2.698984810208187479e+00
-2.985147629883690090e+00 -4.676239245176155634e+00 -9.192960015372142024e+00 2.268832117219484190e-01 -3.611406993797626086e+00 -1.079844630665293126e+00 -4.493846457543422268e+00 -2.829863838337676185e+00 -2.690557504109806874e+00
-3.002580849354818060e+00 -4.667928453357885310e+00 -9.123242127530730272e+00 3.625910961012922540e-01 -3.571827969583806883e+00 -9.555836444280954023e-01 -4.603342022913139431e+00 -2.827374667207748438e+00 -2.681741906595036529e+00
-3.020433495727290918e+00 -4.660390132340903158e+00 -9.052634368344481430e+00 4.896685277614902798e-01 -3.536315921801106654e+00 -8.403186582045395481e-01 -4.717998458910214410e+00 -2.827279765703030190e+00 -2.672606018290697882e+00
-3.038578272547837855e+00 -4.653453514083681242e+00 -8.981660949438454722e+00 6.083194452176243772e-01 -3.504446808516195944e+00 -7.338263627210017681e-01 -4.838480830624721563e+00 -2.829052926765137865e+00 -2.663171856329646037e+00
-3.056870588093335339e+00 -4.647017516804631043e+00 -8.911035565477332554e+00 7.191116822262512143e-01 -3.475756242329506751e+00 -6.354011526059253345e-01 -4.965775175031315491e+00 -2.832217590071721691e+00 -2.653543308923222543e+00
-3.075164629916908865e+00 -4.640929522743097557e+00 -8.841286443470966816e+00 8.225833027319745527e-01 -3.449846952283183388e+00 -5.443959352917672190e-01 -5.101278390927785900e+00 -2.836488776004557177e+00 -2.643797653110404600e+00
-3.093413940954711894e+00 -4.635149301034339864e+00 -8.772478345588595516e+00 9.194105193693248301e-01 -3.426346035994034978e+00 -4.601402078537897289e-01 -5.247129329165025169e+00 -2.841592717897267306e+00 -2.633935254889338662e+00
-3.111585440120862689e+00 -4.629547078147903783e+00 -8.704772753345329406e+00 1.010410259558715440e+00 -3.404905602928785413e+00 -3.817884619551256686e-01 -5.407001128245828347e+00 -2.847387853972393135e+00 -2.623982511874468404e+00
-3.129589500133642677e+00 -4.624102662388847484e+00 -8.638353274976289242e+00 1.096147603016797145e+00 -3.385271919914534244e+00 -3.088083058371826617e-01 -5.585720075609152069e+00 -2.853678983572451422e+00 -2.613913598375998681e+00
-3.147415295483487085e+00 -4.618888320071335762e+00 -8.573189904353375468e+00 1.177062948382958663e+00 -3.367215095017245918e+00 -2.407294938879041557e-01 -5.790241502213681279e+00 -2.860261491168078152e+00 -2.603746627124455149e+00
-3.165059035414285571e+00 -4.613805773038516911e+00 -8.509260273170189848e+00 1.253705117661507940e+00 -3.350513103518660163e+00 -1.769729834541345637e-01 -6.032986416222268389e+00 -2.867139424272616921e+00 -2.593505029612189094e+00
-3.174431074112894269e+00 -4.611115984216394459e+00 -8.475534828652019570e+00 1.293199110782503825e+00 -3.342056302869129247e+00 -1.443901620873903613e-01 -6.185262896155598433e+00 -2.870921849299933104e+00 -2.587997304152191536e+00
-3.183744191665597079e+00 -4.608443687749883111e+00 -8.442163149182702497e+00 1.331678979165133558e+00 -3.333913863721001292e+00 -1.128350357894158662e-01 -6.360451175734300300e+00 -2.874754778763058294e+00 -2.582469106111266566e+00
-3.192989461828990905e+00 -4.605799948355756790e+00 -8.409169079346215270e+00 1.369188701276622178e+00 -3.326068229129125253e+00 -8.226209144525777062e-02 -6.567566227887237318e+00 -2.878629377968366487e+00 -2.576922026353011042e+00
-3.202172462635144434e+00 -4.603178912850193427e+00 -8.376533478979405700e+00 1.405784834405893191e+00 -3.318499827736151264e+00 -5.261443929969381733e-02 -6.822954855629693505e+00 -2.882537285106110403e+00 -2.571356803247643708e+00
-3.204458744430821682e+00 -4.602521633084484698e+00 -8.368427806832347216e+00 1.414793354704799944e+00 -3.316650263640193774e+00 -4.534684239504550851e-02 -6.896763958649359871e+00 -2.883521091684882798e+00 -2.569961339978060533e+00
-3.206740599300529126e+00 -4.601862728600746522e+00 -8.360344742993248701e+00 1.423746362965562007e+00 -3.314817383524749417e+00 -3.813613450588651532e-02 -6.976127682173483002e+00 -2.884508569831159441e+00 -2.568564267160226677e+00
-3.210709203071730133e+00 -4.600716476885083672e+00 -8.346307939110126028e+00 1.439225542561200166e+00 -3.311659964592725380e+00 -2.569493433788224909e-02 -7.130824522387046116e+00 -2.886234204144507487e+00 -2.566126759719872918e+00
-3.214666093742238662e+00 -4.599571371536109510e+00 -8.332339002562939356e+00 1.454550676529733799e+00 -3.308548422135215272e+00 -1.340952277902843215e-02 -7.312340225382310877e+00 -2.887964365232168706e+00 -2.563686221753980643e+00
-3.218610813128054193e+00 -4.598426764361441599e+00 -8.318438176900819769e+00 1.469727008020224934e+00 -3.305481116205494452e+00 -1.274195055029510998e-03 -7.532651631870623810e+00 -2.889699273805915070e+00 -2.561242943486437440e+00
-3.220434831714902302e+00 -4.597897267637512719e+00 -8.312018994844931896e+00 1.476711075676693907e+00 -3.304074252509794807e+00 4.300309951660878129e-03 -7.652626179148443342e+00 -2.890504289965094120e+00 -2.560109787928834812e+00
-3.222256765474901474e+00 -4.597368133769175635e+00 -8.305612536291748782e+00 1.483664248394467533e+00 -3.302676570272637946e+00 9.843450149334031368e-03 -7.788703450898664116e+00 -2.891310376562168383e+00 -2.558975869125842184e+00
-3.224076457140740981e+00 -4.596839323969655666e+00 -8.299218920960601764e+00 1.490586189141217988e+00 -3.301288125624014302e+00 1.535465015406128723e-02 -7.945776855425202179e+00 -2.892117530430477590e+00 -2.557841004980151212e+00
-3.225893351255685992e+00 -4.596311595141486350e+00 -8.292840064600053296e+00 1.497476412176698801e+00 -3.299908913229520735e+00 2.083402495889221176e-02 -8.131757625166992298e+00 -2.892925122078328304e+00 -2.556705639051010337e+00
-3.227707816980137423e+00 -4.595784889087259906e+00 -8.286474790264238166e+00 1.504335732142570770e+00 -3.298538723915520166e+00 2.628224527264022212e-02 -8.360290484533093647e+00 -2.893733594458954173e+00 -2.555569643663843316e+00
-3.228473634738801223e+00 -4.595562231982007084e+00 -8.283789726211386650e+00 1.507223697813575569e+00 -3.297962716444002851e+00 2.857382836624318412e-02 -8.474262419464290375e+00 -2.894075620915058433e+00 -2.555089429588158989e+00
-3.229239204319686252e+00 -4.595339460427847023e+00 -8.281106373705521051e+00 1.510106209404379340e+00 -3.297388318369304905e+00 3.085966359114738350e-02 -8.603077000940038133e+00 -2.894417987608598697e+00 -2.554608921076053640e+00
-3.230004438085485763e+00 -4.595116763153321848e+00 -8.278425039313683342e+00 1.512983143094796423e+00 -3.296815542655580078e+00 3.313977573928870990e-02 -8.750965484401199035e+00 -2.894760588053368888e+00 -2.554128226757377718e+00
-3.230769352127183858e+00 -4.594894185468144876e+00 -8.275745707572026433e+00 1.515854666506688542e+00 -3.296244355358406430e+00 3.541431810556955329e-02 -8.924739897855443971e+00 -2.895103446663735536e+00 -2.553647337412207730e+00
-3.231533892989167711e+00 -4.594671752885196803e+00 -8.273068467264385717e+00 1.518720787888472756e+00 -3.295674756988320020e+00 3.768332060364752711e-02 -9.135782596627624486e+00 -2.895446619868718319e+00 -2.553166267378846666e+00
-3.231877151900882872e+00 -4.594571836058545244e+00 -8.271866690045971637e+00 1.520006242984313971e+00 -3.295419460286857394e+00 3.870054443791860754e-02 -9.246906423484009707e+00 -2.895600888830055286e+00 -2.552950143691454787e+00
-3.232220369386428871e+00 -4.594471921014926963e+00 -8.270665209757320113e+00 1.521290551991025364e+00 -3.295164496322119163e+00 3.971657309101051664e-02 -9.372313688841051871e+00 -2.895755254420898428e+00 -2.552733966929717990e+00
