3.151262243261411911e+00 4.381355495109279907e+00 8.331123077989810000e+00 3.037530468779598980e+00 2.581160929975173435e+00 4.086932035637561356e+00 1.270298889767344175e+00 4.297244236629839342e+00 2.597840394680129172e+00 3.704006118499099554e+00 1.471154888734062194e+00 2.356682283457966598e+00 2.676397792730468961e+00
8.385289257337079860e+00 3.806528017478422399e+00 2.267299914687082474e+00 1.079336313995867158e+00 6.386195537577904480e-01 5.617991378865834218e-01 3.144713269564121672e-01 2.291631052772111210e-01 9.424259675688835547e-02 6.303626396341345528e-02 4.219794729499250219e-02 1.519006407603484994e-02 1.015475727252359954e-02
8.385288653957706728e+00 3.806525284232319173e+00 2.267297447658132903e+00 1.079338628730803107e+00 6.386195063309636488e-01 5.617994465293179029e-01 3.144707545568074525e-01 2.291629573559534061e-01 9.424270813023399862e-02 6.303621942732699768e-02 4.219768742753864793e-02 1.518995735423112579e-02 1.015443314455437979e-02
8.385287218798600506e+00 3.806518806594916704e+00 2.267291543863797720e+00 1.079343978292031991e+00 6.386196218407773628e-01 5.617989091043903427e-01 3.144711936636068739e-01 2.291635407932139656e-01 9.424258404415061796e-02 6.303617871235447923e-02 4.219776068264465690e-02 1.518984936275097168e-02 1.015388903483990801e-02
8.385273012951060423e+00 3.806454265751002097e+00 2.267232890209561091e+00 1.079397438527040176e+00 6.386206660141977576e-01 5.617935562216828105e-01 3.144757376438099827e-01 2.291691819335322788e-01 9.424133280748694941e-02 6.303580219618759584e-02 4.219838866460987742e-02 1.518876937386531324e-02 1.014851084052464589e-02
8.385130824556473073e+00 3.805807756528622576e+00 2.266646921933975989e+00 1.079933173034774097e+00 6.386309557709649587e-01 5.617398208596248166e-01 3.145212244111409983e-01 2.292256908458062126e-01 9.422885416973401929e-02 6.303193139835824854e-02 4.220464115959449841e-02 1.517795183485424505e-02 1.009476635656784971e-02
8.384791248824960519e+00 3.804261839898338327e+00 2.265251398559673390e+00 1.081216697312064934e+00 6.386534285258849142e-01 5.616108328889307666e-01 3.146295655057364526e-01 2.293600850517676926e-01 9.419904188748630391e-02 6.302263850485467778e-02 4.221916621901242173e-02 1.515211019358305572e-02 9.967722967045783769e-03
8.384442018510473105e+00 3.802681816241462176e+00 2.263824959586759444e+00 1.082530047918427885e+00 6.386717064953675305e-01 5.614785917816514926e-01 3.147385413911674701e-01 2.294950672857276053e-01 9.416830237764212130e-02 6.301308626532206580e-02 4.223305920520292051e-02 1.512565744108601735e-02 9.839808106512132682e-03
8.383534582324683626e+00 3.798607618328082136e+00 2.260148229822196431e+00 1.085928156082580420e+00 6.386981105178536344e-01 5.611336148667490642e-01 3.150124432885948456e-01 2.298338033543226855e-01 9.408885662182549237e-02 6.298840855387088933e-02 4.226538035292806694e-02 1.505756940536540772e-02 9.519090317057499195e-03
8.382630055369862276e+00 3.794473151458873872e+00 2.256530013338082785e+00 1.089404735546149805e+00 6.387156702371966643e-01 5.607802851163212754e-01 3.152931247614045307e-01 2.301754503413019626e-01 9.401043362040926998e-02 6.296264417788380308e-02 4.229457290616601278e-02 1.498882961314514442e-02 9.208446628129633715e-03
8.380851469685110189e+00 3.786595335138336349e+00 2.249548879705952409e+00 1.096048597492760068e+00 6.386536185193760762e-01 5.600978278110454456e-01 3.157844527206155050e-01 2.307756915414990728e-01 9.385532352198239225e-02 6.291383138230442762e-02 4.233236954764109383e-02 1.485769438171355081e-02 8.650436913056240920e-03
8.380400234984627161e+00 3.784577240176549839e+00 2.247803848886588796e+00 1.097759419364584987e+00 6.386279890334061182e-01 5.599222003408159676e-01 3.159083817663354554e-01 2.309254448698979667e-01 9.381495516268285872e-02 6.290141140931060360e-02 4.233929675805331999e-02 1.482403802485756338e-02 8.515190770433198747e-03
8.379944834158056466e+00 3.782530161216062226e+00 2.246059257185361258e+00 1.099499821181644688e+00 6.386015061005635429e-01 5.597439996640148907e-01 3.160349094105554535e-01 2.310769234401508776e-01 9.377549792122551187e-02 6.288845473456965152e-02 4.234552295186935073e-02 1.479020954729805444e-02 8.381423816875064811e-03
8.378889607546481599e+00 3.777815854395909501e+00 2.242045949441942465e+00 1.103522382362096321e+00 6.385166073292751765e-01 5.593293906046572506e-01 3.163175713685751345e-01 2.314142141995332858e-01 9.368411375639383587e-02 6.285836472181467738e-02 4.235510766552556816e-02 1.471240052634919040e-02 8.083940639272839054e-03
8.377790826859534690e+00 3.772894378487325451e+00 2.237911597472133529e+00 1.107744370896774910e+00 6.384043130751985151e-01 5.588944492723583179e-01 3.166048017998897568e-01 2.317544054071628834e-01 9.358854981579944887e-02 6.282729662375213797e-02 4.235864932020330653e-02 1.463144017790864865e-02 7.789448506360845646e-03
8.376650685618809433e+00 3.767799577797868338e+00 2.233709459159380017e+00 1.112122140160045181e+00 6.382657309863811745e-01 5.584436969162234199e-01 3.168942571887988779e-01 2.320934730399957513e-01 9.349061147351211964e-02 6.279455265181542456e-02 4.235527406392370492e-02 1.454819750857885667e-02 7.502269203445284702e-03
8.376360587243672384e+00 3.766495027321543621e+00 2.232643825501645196e+00 1.113250082862913715e+00 6.382271660359198906e-01 5.583273232790505469e-01 3.169678119355469059e-01 2.321791475540914973e-01 9.346597343392443191e-02 6.278633388207199850e-02 4.235362252046332571e-02 1.452700645990226934e-02 7.431281937239516550e-03
8.376070113836471265e+00 3.765183336189224406e+00 2.231581076252143525e+00 1.114386145744583612e+00 6.381875342837040055e-01 5.582103400506606139e-01 3.170421345739368735e-01 2.322650385041344911e-01 9.344114643331881409e-02 6.277781134167699506e-02 4.235148418664529124e-02 1.450565567320689225e-02 7.360878397473033172e-03
8.375956779698077170e+00 3.764676425547866412e+00 2.231167183999083203e+00 1.114825000728753235e+00 6.381709766650510707e-01 5.581649054532129561e-01 3.170701220604792980e-01 2.322974072302887438e-01 9.343151676919494997e-02 6.277450336913899254e-02 4.235044437922873273e-02 1.449741073593204498e-02 7.334005135163450956e-03
8.375846502492027668e+00 3.764178540419748309e+00 2.230765846704399369e+00 1.115256565251604215e+00 6.381554632358504842e-01 5.581205276419916039e-01 3.170981473516669702e-01 2.323297177715571982e-01 9.342209996888127532e-02 6.277128045156435410e-02 4.234945022923636976e-02 1.448932521738492338e-02 7.307702627445305035e-03
8.375650319109555042e+00 3.763293333509410310e+00 2.230052450843202916e+00 1.116024266316352653e+00 6.381270828983542920e-01 5.580414643107421968e-01 3.171476485322266003e-01 2.323866483860534404e-01 9.340543966585813929e-02 6.276551793794285516e-02 4.234749256133697043e-02 1.447495358649608134e-02 7.261444434767378060e-03
8.375454275117734326e+00 3.762406264152264868e+00 2.229342747841843941e+00 1.116794055278389930e+00 6.380986296013638759e-01 5.579623740084201922e-01 3.171974566000731466e-01 2.324437157307139845e-01 9.338881939501850193e-02 6.275974933408984269e-02 4.234539037666010947e-02 1.446057151495012266e-02 7.215591374863811365e-03
8.374941216090109108e+00 3.760078479575091226e+00 2.227490851549449147e+00 1.118818448880116501e+00 6.380214573323056415e-01 5.577543794054623527e-01 3.173277169921140395e-01 2.325923161910724568e-01 9.334557611325881854e-02 6.274450895823957541e-02 4.233905972264666306e-02 1.442291984637318787e-02 7.097402669845005903e-03
8.374026451728278531e+00 3.755930140894032210e+00 2.224220137456768054e+00 1.122434705947029876e+00 6.378733803283811454e-01 5.573829945045298828e-01 3.175561949527044292e-01 2.328511117412014886e-01 9.326886608504796061e-02 6.271725655720999937e-02 4.232431390521050607e-02 1.435605826602151178e-02 6.894638278412896712e-03
8.372357042790603998e+00 3.748390534995416079e+00 2.218344081502242826e+00 1.129024652133645334e+00 6.375664330985755246e-01 5.567074878819416872e-01 3.179536709478543166e-01 2.332966718748843427e-01 9.312885799312582702e-02 6.266750693234258984e-02 4.228487266717692594e-02 1.423511960001978306e-02 6.550431498190860749e-03
8.369132727483673762e+00 3.733682119390391296e+00 2.207254531411748211e+00 1.142010931567075893e+00 6.368771944749709313e-01 5.553874540796801540e-01 3.186971498324923102e-01 2.341092650822372279e-01 9.286275041364212834e-02 6.257303227487381880e-02 4.216920495228150545e-02 1.400248035883489180e-02 5.962297921212137905e-03
8.365491185188506762e+00 3.717156518609973759e+00 2.195231917674466349e+00 1.156678641433013022e+00 6.359537152760759149e-01 5.538998564874122454e-01 3.194527848304062334e-01 2.349023492945214731e-01 9.257221647164963485e-02 6.246257934443780885e-02 4.197405620508273122e-02 1.374669385289033555e-02 5.417945384810793005e-03
8.361507917249266342e+00 3.698879764389117142e+00 2.182613652106156543e+00 1.173040726477988738e+00 6.348450760757622380e-01 5.522685209566314812e-01 3.202327062503094179e-01 2.356808993224581428e-01 9.226665650544996211e-02 6.234318384252885564e-02 4.168686542225754493e-02 1.347158874234502188e-02 4.935941401080400776e-03
8.357115869416409382e+00 3.678522099263977996e+00 2.169057034814899865e+00 1.191415008000469289e+00 6.334993463147132742e-01 5.504521787964796742e-01 3.209817014893512344e-01 2.363908986022203451e-01 9.193614445919455480e-02 6.221965982476718171e-02 4.127335325490804480e-02 1.317583488044833835e-02 4.515105191751588726e-03
8.352377105193955487e+00 3.656273579105111526e+00 2.155156813708517749e+00 1.211570202434669286e+00 6.320323585357384699e-01 5.484992162007851224e-01 3.217332913435502206e-01 2.370430749212383836e-01 9.160363883432338927e-02 6.208782439051964419e-02 4.072777228258848276e-02 1.286713322903550172e-02 4.166214529995775247e-03
8.347213771319594855e+00 3.631959852269469380e+00 2.140620919281499557e+00 1.233634230152762967e+00 6.304472091188728644e-01 5.463825148929718489e-01 3.223995700288906918e-01 2.375549787771815968e-01 9.125272912499982070e-02 6.195864481456406225e-02 4.001295711703892199e-02 1.255080316406035311e-02 3.879101441404576769e-03
8.341786029773178512e+00 3.605867623656289211e+00 2.126068437378853648e+00 1.257366122152283605e+00 6.289065160730542559e-01 5.441440886977521041e-01 3.230396187863545099e-01 2.379583004799800117e-01 9.091547115501527609e-02 6.183016024553048690e-02 3.914029285483758974e-02 1.223658468627453200e-02 3.649426685746346311e-03
8.336188501232323134e+00 3.578767950997433278e+00 2.111681003300117432e+00 1.281963814850193506e+00 6.275285762196067818e-01 5.418421500221380915e-01 3.235340576242219379e-01 2.381465977078546237e-01 9.057105326433836923e-02 6.172243975780085379e-02 3.811160996905836595e-02 1.194583105985839826e-02 3.469105737718927718e-03
8.330470252466568581e+00 3.550506665323131639e+00 2.097725419171862615e+00 1.307562739616054071e+00 6.264434376066511101e-01 5.394794332826686745e-01 3.239775640644145249e-01 2.381783627503289424e-01 9.023904213573823163e-02 6.163050328499004166e-02 3.694751574791148296e-02 1.168486339690391097e-02 3.329279204066831234e-03
8.324769611016806792e+00 3.521766141770786174e+00 2.084416816496838187e+00 1.333512043888336995e+00 6.257455005223423461e-01 5.370857734767560121e-01 3.243443224343466880e-01 2.380225302006871990e-01 8.991419849605021553e-02 6.156261998264241087e-02 3.568758735224696055e-02 1.147211961271736753e-02 3.228635926796120416e-03
8.319327149429028623e+00 3.493786846324607342e+00 2.072181768832792148e+00 1.358760432857970546e+00 6.255577354278558655e-01 5.347637284321320461e-01 3.246241297644215096e-01 2.376731315492716379e-01 8.958613433157519568e-02 6.153152994237094664e-02 3.439806546665780118e-02 1.133048380771060036e-02 3.166415768059102978e-03
8.314134900630353542e+00 3.466499375914635639e+00 2.061014539180928917e+00 1.383238829103770051e+00 6.258742847391389752e-01 5.325220220242904423e-01 3.248761789855200144e-01 2.371840642095942031e-01 8.925640238334468790e-02 6.153356684288353862e-02 3.311536456802253309e-02 1.126437871383549442e-02 3.137486268726707214e-03
8.309304648276462757e+00 3.440659457357871265e+00 2.051056215920845638e+00 1.406289936854783429e+00 6.266670458200618299e-01 5.304161211871183390e-01 3.251049227859927337e-01 2.365826368034309179e-01 8.892041079543348825e-02 6.156969615824824799e-02 3.189663597765826641e-02 1.128425020766750386e-02 3.134061256128368566e-03
8.304848464798924468e+00 3.416424862270091012e+00 2.042158777060131492e+00 1.427803868771311047e+00 6.278727794410876584e-01 5.284248670040215812e-01 3.253138982398465218e-01 2.358855837411333867e-01 8.857301797487998618e-02 6.163936760716393071e-02 3.076892930702824006e-02 1.139179734550596970e-02 3.144105930910446722e-03
8.300927170254517762e+00 3.394527879002282589e+00 2.034619935319183170e+00 1.447193039153457317e+00 6.294650205615623939e-01 5.266902425950393818e-01 3.255739686299971569e-01 2.352096880396678524e-01 8.823520038635060403e-02 6.173532437585038668e-02 2.977474361768459032e-02 1.157363124008457290e-02 3.148993662648503881e-03
8.297370256512499154e+00 3.374406054701248880e+00 2.027942264869536437e+00 1.464916100369825447e+00 6.312815756856555716e-01 5.250759142536803870e-01 3.258257147023761457e-01 2.345047052727143588e-01 8.789292059665114454e-02 6.185334408538274015e-02 2.890307708757556063e-02 1.182712411396786775e-02 3.142111892914959802e-03
8.294219326378044599e+00 3.356265092604495681e+00 2.022165411114236200e+00 1.480846956427245953e+00 6.332928070489085570e-01 5.236254962933193369e-01 3.260914964573199959e-01 2.338231946017503005e-01 8.755630063847945344e-02 6.199252551244670284e-02 2.815971880187283227e-02 1.213825349540827332e-02 3.113448564888848802e-03
8.291392736633488525e+00 3.339819395708739425e+00 2.017066355601740302e+00 1.495245203375104026e+00 6.354192405083326500e-01 5.222948500593126431e-01 3.263597196200045403e-01 2.331617618149443572e-01 8.722664419816632264e-02 6.214474822262579939e-02 2.753510149536155319e-02 1.249362115419733708e-02 3.060412016203046051e-03
8.288855624109082498e+00 3.324874549802911528e+00 2.012631508308511119e+00 1.508252630840929864e+00 6.376214488011067161e-01 5.211221896550817245e-01 3.266573083758358420e-01 2.325611697281415868e-01 8.691078268158941578e-02 6.230485876156749425e-02 2.701807838998178043e-02 1.287798726281595869e-02 2.980653693983295084e-03
8.286644713155284947e+00 3.311481716616107462e+00 2.008784558220664707e+00 1.519924159330784841e+00 6.398978586120059875e-01 5.200649643462265104e-01 3.269660002164463397e-01 2.320189047171106744e-01 8.661653122936846527e-02 6.247534401993790065e-02 2.660051589556219898e-02 1.327778455683618040e-02 2.876361622888077077e-03
8.283394800742655661e+00 3.291409443237224952e+00 2.003220598494735327e+00 1.537347678690109465e+00 6.437265897970703143e-01 5.184949515058934200e-01 3.275048287192897645e-01 2.312174349586246236e-01 8.615871216105722152e-02 6.276746245469179419e-02 2.608387822399926489e-02 1.396794479111136342e-02 2.653814922762283250e-03
8.282670788909928916e+00 3.286883687154372957e+00 2.001970630229526815e+00 1.541275091981927581e+00 6.447081021735414641e-01 5.181309830967114616e-01 3.276355520510749741e-01 2.310280963656278497e-01 8.604991655217372748e-02 6.284640126186753772e-02 2.598755987458208072e-02 1.414398958507231616e-02 2.588740054484059156e-03
8.281972269948875365e+00 3.282500755737987497e+00 2.000788073757126195e+00 1.545067045902125846e+00 6.456757143403382138e-01 5.177852355308026899e-01 3.277707099230234844e-01 2.308513143168547666e-01 8.594473752336047323e-02 6.292177891902883680e-02 2.590253310304893239e-02 1.431684994301156595e-02 2.521404891115078522e-03
8.280895396226432226e+00 3.275737071411926049e+00 1.998980344935620490e+00 1.550902287926873013e+00 6.472214543731188430e-01 5.172493741634883735e-01 3.279837271426266909e-01 2.305775042072788494e-01 8.578040787575534620e-02 6.304603915922515900e-02 2.578947396512671492e-02 1.459644067314858247e-02 2.407525417865443839e-03
8.279881274839606675e+00 3.269256795075870858e+00 1.997266986462217675e+00 1.556506996834132961e+00 6.487698424571131106e-01 5.167290642124661160e-01 3.282006255766952152e-01 2.303249594982633708e-01 8.562596186578093349e-02 6.317171680961918001e-02 2.570224601564401884e-02 1.487300342756338670e-02 2.286736185568799193e-03
8.278900795947750524e+00 3.263082633514712061e+00 1.995657316958519667e+00 1.561809116040544954e+00 6.503240533641232446e-01 5.162406299353742289e-01 3.284203493799358609e-01 2.300846817107936315e-01 8.547534479399046536e-02 6.329489265479673610e-02 2.563909468817162154e-02 1.514499675992705095e-02 2.159172656534219786e-03
8.278010984567208297e+00 3.257270504809746114e+00 1.994139024082830947e+00 1.566830753327099535e+00 6.518398436820777020e-01 5.157718476113497541e-01 3.286341083318829459e-01 2.298658804218084439e-01 8.533632293178336492e-02 6.341847568082435715e-02 2.559965660986384187e-02 1.541038851119644511e-02 2.028571147276568825e-03
8.277145186616506223e+00 3.251726387578139033e+00 1.992727844073288734e+00 1.571580853882853512e+00 6.533563805727601315e-01 5.153278416446481769e-01 3.288494666679961931e-01 2.296598001346327744e-01 8.520257010082089855e-02 6.354290762831339701e-02 2.558114264163100990e-02 1.567091450463184779e-02 1.892302004853097745e-03
8.276340303429234879e+00 3.246397267400398245e+00 1.991366069338159628e+00 1.576171347045776105e+00 6.548711246771202754e-01 5.148963626789838655e-01 3.290662911374455657e-01 2.294680360356539384e-01 8.507705278584476449e-02 6.366774623611319572e-02 2.558203919017607714e-02 1.592565761651221212e-02 1.751162206276313639e-03
8.275164451651230380e+00 3.238711923043791518e+00 1.989430255643020118e+00 1.582742374143557340e+00 6.571792696788648636e-01 5.142791697438433562e-01 3.293963768248789892e-01 2.292030112567490507e-01 8.489715427067978659e-02 6.385656142633568122e-02 2.561669028334095238e-02 1.630275584072139045e-02 1.527981703377880550e-03
8.274087168538752479e+00 3.231505220667581835e+00 1.987620541059432089e+00 1.588918161130600692e+00 6.594701399653003504e-01 5.136928386498813559e-01 3.297249582642128862e-01 2.289673665632200594e-01 8.473404282698902834e-02 6.404440517709170111e-02 2.568899763788539195e-02 1.666355104671847845e-02 1.297170241333496640e-03
8.273084629773997278e+00 3.224764606525282407e+00 1.985948127396953922e+00 1.594676771595807452e+00 6.617155360771450612e-01 5.131395034516180731e-01 3.300482147632234353e-01 2.287575450021974988e-01 8.458663773174120160e-02 6.422999697990604273e-02 2.579434753244948253e-02 1.700618869416063370e-02 1.061846097328088051e-03
8.272636525503234139e+00 3.221741327994930071e+00 1.985191872862226203e+00 1.597254369972025190e+00 6.627704054408636303e-01 5.128915657627221014e-01 3.301989347389277518e-01 2.286689547391935751e-01 8.452270322269350711e-02 6.431551457000321548e-02 2.585355022221821897e-02 1.716085521460928437e-02 9.495450870722472970e-04
