3.402834554472061956e+00 8.803808837440348256e+00 2.940278410320978697e+00 3.618596845879248125e+00 3.094307998245456659e+00 1.298840946251967887e+00 4.279850105377405178e+00 2.606788873963022724e+00 3.714601344547713513e+00 2.616193748326588242e+00 2.688556352729792653e+00
8.446384292806021321e+00 4.009151808861386890e+00 2.453755090858670052e+00 1.081222528866517152e+00 6.400099431615825507e-01 5.571575319971576734e-01 3.600525110776737758e-01 1.721316991671188734e-01 9.254760965852150412e-02 3.302925207832956706e-02 2.000338046659055555e-02
8.446384291949923906e+00 4.009151505398735438e+00 2.453754782102101739e+00 1.081222829476170766e+00 6.400099646759576100e-01 5.571575095600802552e-01 3.600525651209432465e-01 1.721317223534949703e-01 9.254757195278051629e-02 3.302923472596858839e-02 2.000335589578865897e-02
8.446380039874622270e+00 4.009151390185815345e+00 2.453757058654346235e+00 1.081224571605601259e+00 6.400032151593305629e-01 5.571883472772164447e-01 3.600092133177136833e-01 1.721141348160783735e-01 9.255591074531890894e-02 3.301982238595577851e-02 1.999907640268505996e-02
8.446379851995795107e+00 4.009150569647784046e+00 2.453756265530430358e+00 1.081225323163551133e+00 6.400032439691932806e-01 5.571884044144983505e-01 3.600093700036797739e-01 1.721141432050022901e-01 9.255579815176009917e-02 3.301977840985109020e-02 1.999901782802761957e-02
8.446377730531347439e+00 4.009142902015388366e+00 2.453749359044607559e+00 1.081233052070700085e+00 6.400039066874234628e-01 5.571890171849015472e-01 3.600108506536305319e-01 1.721145397370191787e-01 9.255471792591364599e-02 3.301935539880141574e-02 1.999844458397204150e-02
8.446356888685722097e+00 4.009066066858375521e+00 2.453679903138370033e+00 1.081310195178697420e+00 6.400101441932659618e-01 5.571951711700570131e-01 3.600258016941010886e-01 1.721182235837687979e-01 9.254384607942420238e-02 3.301509193965194294e-02 1.999271397087287044e-02
8.446148265129993504e+00 4.008296706384617991e+00 2.452986892933258112e+00 1.082082218882837843e+00 6.400727809880379926e-01 5.572556795967997800e-01 3.601751434456480494e-01 1.721552290473892799e-01 9.243525867343035940e-02 3.297261881569914926e-02 1.993566917138301503e-02
8.445075579336482008e+00 4.004307332851709589e+00 2.449445177464584233e+00 1.086081450240138357e+00 6.403984441999633903e-01 5.575420228002232470e-01 3.609430941340684429e-01 1.723473164844362970e-01 9.187797434214145520e-02 3.275625399918921654e-02 1.964751714523264511e-02
8.443392425303466453e+00 3.997698693336789511e+00 2.443206274924339283e+00 1.092940228744877729e+00 6.409105977052308445e-01 5.579682510230151715e-01 3.622364650197463787e-01 1.726550225649493564e-01 9.095226709567226508e-02 3.239042615921629287e-02 1.916541430547645183e-02
8.440348729124668381e+00 3.985450432957156508e+00 2.432822832670869406e+00 1.105404791343403748e+00 6.418825955084385138e-01 5.583862292030712382e-01 3.645175130287183207e-01 1.732393376664411455e-01 8.931194709955987687e-02 3.177900510371015758e-02 1.838518395893421267e-02
8.437545350661132204e+00 3.972975699739734523e+00 2.421409243325191252e+00 1.118659336097138635e+00 6.427391978503707026e-01 5.585295313210685286e-01 3.668578166727562428e-01 1.737937419218512081e-01 8.764464245164260703e-02 3.117527904316583914e-02 1.760877508718111661e-02
8.433037917521861715e+00 3.952387827851715940e+00 2.403977865650869017e+00 1.139893031808481227e+00 6.438958382849557793e-01 5.580005825326362912e-01 3.703911320939627938e-01 1.746174470973325121e-01 8.507372127084317226e-02 3.031481257558639106e-02 1.649772307759532833e-02
8.428718569990760301e+00 3.930857582207036849e+00 2.386728628987454304e+00 1.162062487800720412e+00 6.446351644964060101e-01 5.566228988712408343e-01 3.738609341191610480e-01 1.753881675603503054e-01 8.245250294520344025e-02 2.958744519201627829e-02 1.543751206644006571e-02
8.424062220408931267e+00 3.907585135905346618e+00 2.369231105953004235e+00 1.185082237197238486e+00 6.448075951499889769e-01 5.545692370194728049e-01 3.771968492835349185e-01 1.760219008002024965e-01 7.974001482133960539e-02 2.894926249252276554e-02 1.434874432440996599e-02
8.419380191959550785e+00 3.883193009039895394e+00 2.352216390347362740e+00 1.208704638909672946e+00 6.443371484600828314e-01 5.519030788225236517e-01 3.804320793381482102e-01 1.765296132361536541e-01 7.690994301365131069e-02 2.840434501263290959e-02 1.319981607290747309e-02
8.414655314154760646e+00 3.857812371163409360e+00 2.335925068216550660e+00 1.232564761692973132e+00 6.431160341052934992e-01 5.487744405955329308e-01 3.835106360036438233e-01 1.768890487250639187e-01 7.399132903638096226e-02 2.792241693302485728e-02 1.198762190120513868e-02
8.409528585172445503e+00 3.831200171768665452e+00 2.319954419400780843e+00 1.256591916346208260e+00 6.412726193377067396e-01 5.453921203205703838e-01 3.865350046102271064e-01 1.771110199190881196e-01 7.098223600034990477e-02 2.742907620830456819e-02 1.066495585284621232e-02
8.404344979286422657e+00 3.803640447490689080e+00 2.304769537083616537e+00 1.280701401493905545e+00 6.387138666476281923e-01 5.418051877562574115e-01 3.894519108231245252e-01 1.771987903659671681e-01 6.792900544039315314e-02 2.685624106193463048e-02 9.258298120017192240e-03
8.398980748284749609e+00 3.775178931078078559e+00 2.290254841171841971e+00 1.304796082782696764e+00 6.353714139183461729e-01 5.380403088067987616e-01 3.922776281104902729e-01 1.771841089997604202e-01 6.493789132212168802e-02 2.613609486667935883e-02 7.780752591072888705e-03
8.393725734710450581e+00 3.746468561130199326e+00 2.276666453369389664e+00 1.328453904409831798e+00 6.312397374314192566e-01 5.342656203611094723e-01 3.950101454216902175e-01 1.771609917617572583e-01 6.213971677617454586e-02 2.521563535636700201e-02 6.258994822717472636e-03
8.391232418712762708e+00 3.732791438873984458e+00 2.270571009149012109e+00 1.339468294365857348e+00 6.289366964675210392e-01 5.324761027508491118e-01 3.962405941715700375e-01 1.771645615521552919e-01 6.092351391776969910e-02 2.469999098540575852e-02 5.539257793092320671e-03
8.388798499263119268e+00 3.719069556898189077e+00 2.264576056827670492e+00 1.350403305070747573e+00 6.263667925711373652e-01 5.307037836073739134e-01 3.974569084686112586e-01 1.772177295355341908e-01 5.977557934953284940e-02 2.412356960472466019e-02 4.807777483071257532e-03
8.386350960205497529e+00 3.705046553805261933e+00 2.258729991127770287e+00 1.361382327804943282e+00 6.233757814970786182e-01 5.289091002704485733e-01 3.986150612764116641e-01 1.773389633972479451e-01 5.870337514485563651e-02 2.349118910189195927e-02 4.083799062124326452e-03
8.383845021126658636e+00 3.690391752282779603e+00 2.252940375601930612e+00 1.372601138397412823e+00 6.197857897614527101e-01 5.270827569942839741e-01 3.997136691054355428e-01 1.775761200228954118e-01 5.768246728538193452e-02 2.278243774961119170e-02 3.355643053275380368e-03
8.382643980947410256e+00 3.683133544528090386e+00 2.250089067289128053e+00 1.378164423584257836e+00 6.176947191369028811e-01 5.261794582767909123e-01 4.002597322395481383e-01 1.777978574930250411e-01 5.720186976212499746e-02 2.240996642628462904e-02 2.997764855348183759e-03
8.381415040794289339e+00 3.675570275474654647e+00 2.247245493314984799e+00 1.383814959855258486e+00 6.153211925169900232e-01 5.252655230881697612e-01 4.007609121597939250e-01 1.780846326299655169e-01 5.673350292602078598e-02 2.201723686228718516e-02 2.644264441843662255e-03
8.380216605434547716e+00 3.667826939536845021e+00 2.244390202620552888e+00 1.389548359839104963e+00 6.125525224455070639e-01 5.243407014635412811e-01 4.012379220201590657e-01 1.784951432024289852e-01 5.627430824619677335e-02 2.160405860290998820e-02 2.293293609240786794e-03
8.379064839844211576e+00 3.659888088302593268e+00 2.241504107220078978e+00 1.395372510900543483e+00 6.092254393481263408e-01 5.234020345894421222e-01 4.016834733251765654e-01 1.790955760550548836e-01 5.581989703089394045e-02 2.116715542259263103e-02 1.944449345904411238e-03
8.378524155324987177e+00 3.655853301447090420e+00 2.240009736683853170e+00 1.398369072484042075e+00 6.072153663950783375e-01 5.229164488772539698e-01 4.019122402292177876e-01 1.795268187188927000e-01 5.558761502955170825e-02 2.093471252542462163e-02 1.766211848266421467e-03
8.378010074045219469e+00 3.651682610771833648e+00 2.238498607039733912e+00 1.401405217738661335e+00 6.049526405100711379e-01 5.224247136655040258e-01 4.021065589482850089e-01 1.800430818182543469e-01 5.535431224820484136e-02 2.069265869103111694e-02 1.589137021303676069e-03
8.377549063820501019e+00 3.647459089407877553e+00 2.236961669147753629e+00 1.404469455867727534e+00 6.023506863983904003e-01 5.219261132262607017e-01 4.022757197644847293e-01 1.806931635429717131e-01 5.511788389735865906e-02 2.044028436153654676e-02 1.412043759829257001e-03
8.377170510103894685e+00 3.643216779721953014e+00 2.235391528616131662e+00 1.407549478568522971e+00 5.993115669179766014e-01 5.214205248814187676e-01 4.024099156872139038e-01 1.815263245644797296e-01 5.487674582660326955e-02 2.017605422599083251e-02 1.234847771560224636e-03
8.376917628718572928e+00 3.638989872783728874e+00 2.233772015535847810e+00 1.410638583842686034e+00 5.956853046741331648e-01 5.209055850826029843e-01 4.024901393578084186e-01 1.826202734316944853e-01 5.462820633361050587e-02 1.989670527667017005e-02 1.056896788357536464e-03
8.376858066364889055e+00 3.636968416154961581e+00 2.232923419637470097e+00 1.412174210696933496e+00 5.935631743129324844e-01 5.206417585656518687e-01 4.025147884760567063e-01 1.833192549587723541e-01 5.449940754411186639e-02 1.975003475655165430e-02 9.665248798602988408e-04
8.376855919697710817e+00 3.634873106037034507e+00 2.232056989018190940e+00 1.413725645052714697e+00 5.912152294398989039e-01 5.203745041559458828e-01 4.024884766594800101e-01 1.841181644074629253e-01 5.436721424160033400e-02 1.959568513258281436e-02 8.759532359798504137e-04
8.376933207422460725e+00 3.632810936681904135e+00 2.231162214041772174e+00 1.415268278004189639e+00 5.885850201782291125e-01 5.201034229836091205e-01 4.024150550794421966e-01 1.850615431620585838e-01 5.423137561549008778e-02 1.943389449945321160e-02 7.847796707777928912e-04
8.377116316697403420e+00 3.630811313898613779e+00 2.230228956164853837e+00 1.416796597102675692e+00 5.856121124347868356e-01 5.198274250369140370e-01 4.022760085496193128e-01 1.861917306835282060e-01 5.409138555015127747e-02 1.926295703472550094e-02 6.927546690503562019e-04
8.377443871474884673e+00 3.628922362283481196e+00 2.229244980977322044e+00 1.418298858623883829e+00 5.822266157157647282e-01 5.195456742847507359e-01 4.020410397683639725e-01 1.875664118411440595e-01 5.394719091986952680e-02 1.908086331061205690e-02 5.997373615848677680e-04
8.377975220189128436e+00 3.627212223551718129e+00 2.228189981205089154e+00 1.419764434276518328e+00 5.783359955628266658e-01 5.192561879592926255e-01 4.016577775675694850e-01 1.892730470703490875e-01 5.379887270231953345e-02 1.888421076073125773e-02 5.055139380593257157e-04
8.378334038772685233e+00 3.626610826161967172e+00 2.227617949590122048e+00 1.420434691555918505e+00 5.762115604146200720e-01 5.191105013183315853e-01 4.014155032414365998e-01 1.902867728157288385e-01 5.372612830876061230e-02 1.878340872727735436e-02 4.588563598516854497e-04
8.378779272867882710e+00 3.625951160604912182e+00 2.227038602604358708e+00 1.421122754831784407e+00 5.739463979005873240e-01 5.189626012735792937e-01 4.010742694150262744e-01 1.914059690844290840e-01 5.365207946857982607e-02 1.867509248949659334e-02 4.123582374910794127e-04
8.379330079358830119e+00 3.625391145071620524e+00 2.226428753518109538e+00 1.421800370758756316e+00 5.715268915525429927e-01 5.188115794990832974e-01 4.006367098457430109e-01 1.926757147745641885e-01 5.357787445206256549e-02 1.856028063319123053e-02 3.660354918670375660e-04
8.380010729189097063e+00 3.624976188951948064e+00 2.225781404999387370e+00 1.422466399324307185e+00 5.689576231375561566e-01 5.186567480760660986e-01 4.000765496717738623e-01 1.941273541585695761e-01 5.350390155529919506e-02 1.843768647827116053e-02 3.203114836025829906e-04
8.380849177208480327e+00 3.624763171517146887e+00 2.225090265363855124e+00 1.423121990464725650e+00 5.662682961230453005e-01 5.184973395260561446e-01 3.993614370494004695e-01 1.957932910089104639e-01 5.343036482338048287e-02 1.830567458590651869e-02 2.759050698392052827e-04
8.381871652264701211e+00 3.624810114391782800e+00 2.224353222364400029e+00 1.423775368447419254e+00 5.635299288332774603e-01 5.183328158670308383e-01 3.984555796870874467e-01 1.976998421350079638e-01 5.335667898535269987e-02 1.816174417175136363e-02 2.339557875377881757e-04
8.383085409674977839e+00 3.625193958622445312e+00 2.223577040422915818e+00 1.424431424352689213e+00 5.608861595775862519e-01 5.181634430566141036e-01 3.973430097149364681e-01 1.998449975573795556e-01 5.328137730349481044e-02 1.800408351817672781e-02 1.959651244011570849e-04
8.383796992968580497e+00 3.625531878454576251e+00 2.223146062430793268e+00 1.424793672589069304e+00 5.595836535266375256e-01 5.180710972978331830e-01 3.966682903818914419e-01 2.010684558014367018e-01 5.323946226053739156e-02 1.791330719344599517e-02 1.777537482477894700e-04
8.384561484991632341e+00 3.625864695464889653e+00 2.222754021355439313e+00 1.425180041995555591e+00 5.583857610419241668e-01 5.179781524960341832e-01 3.959274934776880195e-01 2.023219669825837563e-01 5.319437968294543628e-02 1.781721102678860552e-02 1.611124687835146499e-04
8.385345686855275815e+00 3.626252427016072755e+00 2.222386231884052599e+00 1.425570765051022759e+00 5.573370316980129635e-01 5.178857405462289343e-01 3.951582420172190524e-01 2.035779149377053843e-01 5.314745217177503644e-02 1.771872154005156227e-02 1.461399147036999274e-04
8.386130917565493448e+00 3.626675245314038953e+00 2.222050510909141074e+00 1.425961308220537349e+00 5.564528370894207265e-01 5.177949893298084971e-01 3.943801502098326361e-01 2.048098728147949577e-01 5.309913091689498488e-02 1.761963278337659589e-02 1.327307209614202144e-04
8.386901454336719297e+00 3.627117921276378887e+00 2.221750364667150812e+00 1.426346086107487698e+00 5.557332376764968496e-01 5.177064136247554460e-01 3.936109369873831421e-01 2.059975359732926503e-01 5.305019754521915487e-02 1.752177955019504699e-02 1.207038167481519389e-04
8.387643811650228542e+00 3.627573850745417605e+00 2.221483526443671863e+00 1.426718273920670743e+00 5.551686541938246622e-01 5.176207776774289782e-01 3.928661467744102298e-01 2.071263008734667566e-01 5.300168467080571683e-02 1.742698002157021600e-02 1.098694075543352655e-04
8.388350240863417184e+00 3.628033519163316623e+00 2.221247151903539496e+00 1.427074837147990216e+00 5.547415417890149136e-01 5.175381970002043142e-01 3.921544880390043786e-01 2.081887902522416289e-01 5.295440202357210718e-02 1.733635249349667687e-02 1.000511868724210016e-04
8.389015727788970977e+00 3.628491211622132173e+00 2.221036007977267079e+00 1.427413789027461855e+00 5.544326388534435157e-01 5.174591697107657762e-01 3.914817162180161958e-01 2.091817760922733971e-01 5.290897684447464638e-02 1.725066083813042717e-02 9.111919921234935458e-05
8.389638337475643581e+00 3.628983269940344147e+00 2.220838459750314797e+00 1.427724942420194765e+00 5.542257243659440835e-01 5.173836284041404276e-01 3.908558665102109808e-01 2.101097067599991264e-01 5.286623494046670257e-02 1.717099934643872422e-02 8.295253809517147642e-05
8.390603982704059050e+00 3.629618334710750016e+00 2.220572592611868235e+00 1.428257254284044153e+00 5.540386829025905069e-01 5.172623249212292551e-01 3.898586964330855720e-01 2.115199715369439071e-01 5.279710101408552347e-02 1.704420780153730747e-02 7.060371760299921401e-05
8.391463172156447214e+00 3.630277443654443381e+00 2.220334236457323751e+00 1.428733538914017442e+00 5.540208922878936404e-01 5.171502240346257384e-01 3.889769689842572653e-01 2.127691886384912301e-01 5.273505325776424446e-02 1.693213711852701447e-02 5.983039143513903724e-05
8.392226148990609147e+00 3.630890824552080343e+00 2.220122014639893671e+00 1.429178394522576223e+00 5.541170004492840251e-01 5.170462349351665488e-01 3.881912436719537896e-01 2.138710328359225699e-01 5.267869126833391730e-02 1.683185235889659431e-02 5.038356937084952189e-05
8.392902617599396820e+00 3.631453736753963657e+00 2.219929237955490464e+00 1.429598707813088732e+00 5.542897364420760198e-01 5.169497640848199627e-01 3.874927453262380639e-01 2.148419110922465680e-01 5.262725758982173679e-02 1.674177223232808584e-02 4.207213290080860332e-05
8.393497692477152938e+00 3.631976652399956151e+00 2.219747890238337185e+00 1.429996560594313904e+00 5.545123354456433784e-01 5.168604728766857948e-01 3.868781746047231795e-01 2.156936128341293002e-01 5.258034552190184174e-02 1.666106291332442382e-02 3.479004399619348576e-05
8.394022312000936736e+00 3.632449392669777399e+00 2.219578752745971606e+00 1.430379112288874488e+00 5.547633031005423376e-01 5.167776116300435429e-01 3.863364625267368124e-01 2.164402190737102771e-01 5.253706656820535809e-02 1.658813923642101992e-02 2.840236235742600324e-05
8.394477976103251748e+00 3.632895459825364437e+00 2.219411448953664934e+00 1.430743516761615597e+00 5.550291522506399788e-01 5.167010812451584556e-01 3.858683694465144809e-01 2.170901885836031275e-01 5.249735818687988054e-02 1.652272210390802812e-02 2.284758794854028707e-05
8.394868424438003629e+00 3.633319252311466574e+00 2.219244716382986038e+00 1.431090851727126356e+00 5.552973972168200323e-01 5.166306025267326518e-01 3.854714226883398376e-01 2.176496813387035212e-01 5.246090562287027831e-02 1.646429184553684782e-02 1.806627303836939272e-05
8.395203751395953873e+00 3.633690866830318278e+00 2.219083363981476431e+00 1.431432248714786803e+00 5.555584118863761134e-01 5.165649290004429295e-01 3.851306033635045201e-01 2.181304950366751705e-01 5.242666190874404469e-02 1.641100649748029883e-02 1.394547500762233481e-05
8.395480123571132935e+00 3.634069398969404840e+00 2.218911999212764830e+00 1.431754382761923905e+00 5.558097027648221111e-01 5.165047493778580634e-01 3.848564010197474405e-01 2.185365729892081998e-01 5.239534009749243632e-02 1.636386578812552839e-02 1.047813743221761117e-05
8.395697710524627766e+00 3.634458826180347213e+00 2.218726754571684445e+00 1.432057482600068488e+00 5.560464456278679801e-01 5.164496890952458008e-01 3.846475481455073342e-01 2.188718512383467096e-01 5.236679053696775832e-02 1.632250338362789890e-02 7.636200613327917205e-06
