-2.883895675780919543e+00 -4.818670720380380246e+00 -9.613308654501913963e+00 -1.112851995260629723e+00 -4.130232595864802292e+00 -2.346035975960497399e+00 -3.791542716054419504e+00 -3.037037514625684498e+00 -2.745414833454455916e+00
8.256500756980164724e+00 3.640123285037937695e+00 2.386728478638287410e+00 1.062056317840863962e+00 5.839474959974922941e-01 5.233637888501798674e-01 3.402995192501890864e-01 1.330439041261694266e-01 6.419830337130785769e-02
8.256500665883979906e+00 3.640122655610266822e+00 2.386727987761310121e+00 1.062057137416518859e+00 5.839473078056477418e-01 5.233637284550838320e-01 3.402996193670290714e-01 1.330438899673629938e-01 6.419824188646812424e-02
8.256400124779007754e+00 3.640120372332957377e+00 2.386817609884239744e+00 1.062090505080700575e+00 5.838105767156960280e-01 5.236996692017498178e-01 3.396239317184375772e-01 1.329021745392366116e-01 6.426553490442384053e-02
8.256400080723672374e+00 3.640119756052309974e+00 2.386817163636490324e+00 1.062091292616867522e+00 5.838103749512599805e-01 5.236995583908775620e-01 3.396239094117466939e-01 1.329021438238171537e-01 6.426546584370676496e-02
8.256399373095257843e+00 3.640113600953570394e+00 2.386813065571706804e+00 1.062099325273943462e+00 5.838088093058815264e-01 5.236986870244907388e-01 3.396237541794863701e-01 1.329018916920552129e-01 6.426465922131389952e-02
8.256392896786747926e+00 3.640052265107408758e+00 2.386770747151521821e+00 1.062179140892238971e+00 5.837930664218948795e-01 5.236900300586883050e-01 3.396219324573053755e-01 1.328995166699109276e-01 6.425660347955740315e-02
8.256327663545626194e+00 3.639438325137162700e+00 2.386348276115078715e+00 1.062977639113242612e+00 5.836362822701751663e-01 5.236038072128991194e-01 3.396032877425416152e-01 1.328757470302939503e-01 6.417600993131594711e-02
8.255862438293666727e+00 3.634935542505633332e+00 2.383294089792637571e+00 1.068812328836574066e+00 5.825048068916900412e-01 5.229852151597051968e-01 3.394700332907969464e-01 1.327048148642130110e-01 6.359089173609719370e-02
8.255464288078671942e+00 3.631416783069642218e+00 2.380894927500275315e+00 1.073377068848896387e+00 5.815959989908373595e-01 5.224893704558084551e-01 3.393626511308642235e-01 1.325633353657446611e-01 6.314102516954406275e-02
8.255073551654039221e+00 3.627865308342699713e+00 2.378520084426130499e+00 1.077960572059626143e+00 5.806986286179771639e-01 5.220052451746057809e-01 3.392574637420504580e-01 1.324236792174625088e-01 6.269332537895032365e-02
8.254141607118171464e+00 3.619684401862520495e+00 2.373088949577395912e+00 1.088509260635648790e+00 5.786096668729783232e-01 5.208827410418404025e-01 3.390144011889110187e-01 1.320900561289135577e-01 6.168536946555373129e-02
8.253293906194125285e+00 3.611383075067369219e+00 2.367852989136773001e+00 1.099056980952276552e+00 5.766346173126488672e-01 5.198425139100426584e-01 3.387943578000688349e-01 1.317802026021032413e-01 6.069497906716889157e-02
8.252219251047531401e+00 3.602615342195362835e+00 2.362245059247762402e+00 1.110249418723025405e+00 5.744053853078108229e-01 5.186722656952120758e-01 3.385366617256184707e-01 1.314023156201724607e-01 5.968653658096423342e-02
8.251342811163439706e+00 3.593845021972383869e+00 2.357018154206884653e+00 1.121242356127462481e+00 5.723975102647269608e-01 5.176442857256338126e-01 3.383181182353772742e-01 1.310736064184772343e-01 5.870805898846650356e-02
8.249335632430542020e+00 3.577393931455717713e+00 2.347157984662075592e+00 1.141771655089657944e+00 5.684391104418684559e-01 5.156136927824600535e-01 3.378711799036624996e-01 1.303663671793105217e-01 5.698056782864124870e-02
8.246880865669282912e+00 3.549645008080175135e+00 2.332632114078467378e+00 1.175249372633988543e+00 5.628754119729580951e-01 5.129056408625807251e-01 3.373081658046787612e-01 1.294053629008793671e-01 5.428289971041633938e-02
8.243274743147543049e+00 3.518446420118541695e+00 2.316774682122671347e+00 1.212061288594190378e+00 5.563888521493123296e-01 5.096997931741230614e-01 3.366083886675904635e-01 1.281201392144827866e-01 5.163815876176290620e-02
8.237325688093724452e+00 3.460906829679546881e+00 2.291378215228591753e+00 1.276877640858324447e+00 5.461289706471245120e-01 5.047524482819095715e-01 3.354600476524394193e-01 1.258009094399830663e-01 4.766303893538183928e-02
8.231540687627516562e+00 3.397971762985854571e+00 2.268577980514513648e+00 1.342495001366690088e+00 5.368971166907947623e-01 5.000174556364392897e-01 3.344078430510942224e-01 1.234029213356630655e-01 4.439683827072119643e-02
8.225027239449996586e+00 3.330299317356068212e+00 2.247430306782790321e+00 1.407874983010627634e+00 5.283414536000922146e-01 4.947481952431947994e-01 3.332274167289188127e-01 1.205477317245509938e-01 4.208786117785558861e-02
8.219521489995251784e+00 3.263294899834057627e+00 2.231060729324098268e+00 1.465926879627318824e+00 5.216391660044071843e-01 4.891045364138541518e-01 3.322874305289492680e-01 1.178215776512022833e-01 4.069467185772335238e-02
8.215027318780686372e+00 3.200639323310568773e+00 2.219035091166802420e+00 1.512581535889241380e+00 5.164936144355938286e-01 4.826406233374462840e-01 3.316507770192840265e-01 1.152770196874165903e-01 4.008262215181500332e-02
8.211921385879957569e+00 3.148086030230038190e+00 2.210857738362840941e+00 1.544512097694273223e+00 5.126005207596031621e-01 4.753619234241839853e-01 3.314715301346231602e-01 1.130780267990958432e-01 4.005022372635688027e-02
8.210712852724716626e+00 3.109476501753191791e+00 2.204387929167403559e+00 1.560566528202616432e+00 5.093719256002789963e-01 4.671759716255948214e-01 3.319068025394076860e-01 1.113417434603116984e-01 4.029783963430958599e-02
8.210373782932817832e+00 3.087194470032655236e+00 2.196398558599669482e+00 1.562846717511176875e+00 5.068396353640477470e-01 4.586455661141317086e-01 3.328879538507785174e-01 1.100700357680494818e-01 4.065689381919906226e-02
8.212224503375585627e+00 3.081837478880476766e+00 2.186333476468599102e+00 1.553390464861281961e+00 5.043692656394070939e-01 4.492266238041758841e-01 3.347298711578284847e-01 1.093515855510295426e-01 4.084149010374998889e-02
8.215474839298360976e+00 3.091212093397365024e+00 2.173387478364619430e+00 1.535705133863150440e+00 5.020948081807836694e-01 4.394450033468848549e-01 3.372835553504267558e-01 1.090770342145947203e-01 4.074303850810834238e-02
8.220767128594999917e+00 3.112701973867834315e+00 2.159348344862328517e+00 1.513138376820327258e+00 4.999868177169644601e-01 4.292491038681441884e-01 3.407113604902594073e-01 1.092576497354895565e-01 4.024114475537755170e-02
8.226801268256290101e+00 3.142871175440757892e+00 2.144278578913038746e+00 1.487547052881747156e+00 4.979097130518496117e-01 4.188178392063496291e-01 3.448561250864388139e-01 1.097465974945458222e-01 3.920575525639140996e-02
8.234601511053687872e+00 3.179233804991194567e+00 2.130512871344015569e+00 1.461700851820567193e+00 4.959623733676467028e-01 4.084626635138823847e-01 3.498560646070884572e-01 1.104967939418506212e-01 3.760059628330380405e-02
8.242801105210443069e+00 3.219920189643891373e+00 2.117864182545531548e+00 1.436255759903498630e+00 4.941343593469272877e-01 3.984335219326766708e-01 3.555196974829887280e-01 1.114220449810275626e-01 3.529588618241097375e-02
8.251939369572085070e+00 3.262899297599258119e+00 2.107363007936441157e+00 1.413319866421888005e+00 4.924800049808411573e-01 3.893526632093866069e-01 3.616942607063223791e-01 1.124699106000531384e-01 3.228343546507867617e-02
8.262026365586942589e+00 3.307311630550656911e+00 2.099206940124873633e+00 1.393609592249770657e+00 4.909411503893523765e-01 3.823552855312576937e-01 3.675717217313424490e-01 1.135716514242636616e-01 2.852300251943307163e-02
8.272785603955297162e+00 3.352495969469260650e+00 2.093373777721168505e+00 1.377694177705559353e+00 4.895945532413280010e-01 3.817670830026004269e-01 3.691412531649715945e-01 1.147162180188056602e-01 2.401835702066786038e-02
8.278570143233576317e+00 3.376990188583627095e+00 2.091119118103224483e+00 1.370564799176743787e+00 4.889575892921031453e-01 3.848072148493538180e-01 3.675364552422099584e-01 1.153321228026577688e-01 2.129029720541085122e-02
8.284696978386843824e+00 3.401387178607922390e+00 2.089541613708159939e+00 1.364994508869666001e+00 4.883555596603053606e-01 3.888037485255939618e-01 3.657003696044864305e-01 1.159596117281960631e-01 1.840354700099001289e-02
8.290970045531542709e+00 3.425749768760615765e+00 2.088571254635213315e+00 1.360755478408847141e+00 4.878151018785619741e-01 3.932352783072345925e-01 3.641408046438541213e-01 1.165960334211255389e-01 1.536161917651875097e-02
8.297372184873651690e+00 3.450076586305343085e+00 2.088143348191355830e+00 1.357839117684185304e+00 4.873232227763988900e-01 3.979282174674205197e-01 3.630300790760193630e-01 1.172393124704714240e-01 1.218498996760959338e-02
8.298857972592349697e+00 3.456251033352673474e+00 2.088084680032080254e+00 1.357147855261679359e+00 4.872163925411726604e-01 3.991205671774507024e-01 3.628288672194247555e-01 1.173976236713740462e-01 1.135239958727948459e-02
8.300468426761211660e+00 3.462327947733307099e+00 2.088079969917246093e+00 1.356686918997629387e+00 4.871059629222900811e-01 4.003300222152827992e-01 3.626635659415148316e-01 1.175587096816827770e-01 1.053222046271387775e-02
8.303319611038116221e+00 3.472895323253915478e+00 2.088163682311690916e+00 1.356132835221921740e+00 4.869206893131974301e-01 4.024705015305019007e-01 3.624559119173124122e-01 1.178435806688211546e-01 9.093294977429883588e-03
8.306196435032262571e+00 3.483438995500931945e+00 2.088335561813055019e+00 1.355841377054916475e+00 4.867438472845203035e-01 4.046377633674744234e-01 3.623495056573090567e-01 1.181297160076763414e-01 7.641466484107340557e-03
8.309084047334859946e+00 3.493984460692570515e+00 2.088596264271250558e+00 1.355796950748344720e+00 4.865789374833598413e-01 4.068316326764676583e-01 3.623447150393309668e-01 1.184180975275079539e-01 6.175032401174337243e-03
8.310374011181497877e+00 3.498904958655031816e+00 2.088730347538334531e+00 1.355799808985424182e+00 4.865086280540942831e-01 4.078513477699785561e-01 3.623777206919440164e-01 1.185507155855963918e-01 5.483860827348134570e-03
8.311716433719078978e+00 3.503786355937278163e+00 2.088897382809787651e+00 1.355918005700136098e+00 4.864382150786483172e-01 4.088805195769096290e-01 3.624316372358436511e-01 1.186853045038137600e-01 4.798628307134434300e-03
8.313063371195875462e+00 3.508663458356368725e+00 2.089083233795198336e+00 1.356093303196258315e+00 4.863701476687177228e-01 4.099147425183120586e-01 3.625069173159805036e-01 1.188204628224262677e-01 4.112128132353927781e-03
8.314406704007325288e+00 3.513539740119948185e+00 2.089285751996257101e+00 1.356318725351791654e+00 4.863044571434016472e-01 4.109529740525303954e-01 3.626035230027910838e-01 1.189559413769569751e-01 3.423792312663549720e-03
8.315749830411927945e+00 3.518420279934939110e+00 2.089503584120535162e+00 1.356592852927968051e+00 4.862415041711457553e-01 4.119959482982487042e-01 3.627215793879465799e-01 1.190917533625351077e-01 2.733168466231532343e-03
8.316287555748797189e+00 3.520504029199009288e+00 2.089591688162545591e+00 1.356691069193913357e+00 4.862169586744570782e-01 4.124350443653852505e-01 3.627788164281965932e-01 1.191483682698540880e-01 2.436327980957697734e-03
8.316851665884806621e+00 3.522566758955472999e+00 2.089690572736559560e+00 1.356829001774677801e+00 4.861915362395788920e-01 4.128773764846234706e-01 3.628388951786364891e-01 1.192058266525924670e-01 2.143658465178870792e-03
8.317416348515040525e+00 3.524629300414730437e+00 2.089792337167691638e+00 1.356976821078921924e+00 4.861665152144074020e-01 4.133206078633834268e-01 3.629026439890302713e-01 1.192633571953770205e-01 1.850846204556465691e-03
8.317978221560712981e+00 3.526693730766278900e+00 2.089896108290731025e+00 1.357130997984251408e+00 4.861420422983693257e-01 4.137642703527613652e-01 3.629702750783762588e-01 1.193209347240939133e-01 1.557439735076873591e-03
8.318535950234259957e+00 3.528761563700735682e+00 2.090001256886806935e+00 1.357289977209927390e+00 4.861181442331384273e-01 4.142084480926682688e-01 3.630417245697371564e-01 1.193784297720276305e-01 1.263177992020863985e-03
8.318775478114126543e+00 3.529699544298794400e+00 2.090046227949239110e+00 1.357351898495857023e+00 4.861081057542152584e-01 4.144072957473596830e-01 3.630755832027385277e-01 1.194039883894767173e-01 1.129063921473566750e-03
8.319023056808308780e+00 3.530630706285583287e+00 2.090093871184097285e+00 1.357424937945251431e+00 4.860977131682627794e-01 4.146069731494330113e-01 3.631098049423652219e-01 1.194297620431869766e-01 9.963243593405050891e-04
