-3.151262243261411911e+00 -4.381355495109279907e+00 -8.331123077989810000e+00 -3.037530468779598980e+00 -2.581160929975173435e+00 -4.086932035637561356e+00 -1.270298889767344175e+00 -4.297244236629839342e+00 -2.597840394680129172e+00 -3.704006118499099554e+00 1.471154888734062194e+00 -2.356682283457966598e+00 -2.676397792730468961e+00
-3.151262238490668999e+00 -4.381355492000459151e+00 -8.331123074905853798e+00 -3.037530469387868415e+00 -2.581160927196950894e+00 -4.086932035220234738e+00 -1.270298884525906669e+00 -4.297244233431986693e+00 -2.597840389597898092e+00 -3.704006120327159923e+00 1.471154894517532563e+00 -2.356682284252649584e+00 -2.676397792615014648e+00
-3.151256657629275981e+00 -4.381351856908403342e+00 -8.331119467238311316e+00 -3.037531180845573164e+00 -2.581157678565360492e+00 -4.086931546003572002e+00 -1.270292754760365295e+00 -4.297240493669280070e+00 -2.597834446126638941e+00 -3.704008258220539140e+00 1.471161658104072512e+00 -2.356683214652279368e+00 -2.676397657514797856e+00
-3.151243432694158297e+00 -4.381343238929741979e+00 -8.331110918205377303e+00 -3.037532867048356788e+00 -2.581149976687482361e+00 -4.086930389144480813e+00 -1.270278224874463513e+00 -4.297231628943346315e+00 -2.597820357574060157e+00 -3.704013325857450578e+00 1.471177690698652230e+00 -2.356685417578122888e+00 -2.676397337466514426e+00
-3.151111125732135587e+00 -4.381257019735981473e+00 -8.331025387309010100e+00 -3.037549738480419759e+00 -2.581072895220299035e+00 -4.086918815845837827e+00 -1.270132852417076297e+00 -4.297142943485168232e+00 -2.597679400219123913e+00 -3.704064030550019204e+00 1.471338108295054958e+00 -2.356707456183983140e+00 -2.676394135749716074e+00
-3.149781990386128161e+00 -4.380390560062981109e+00 -8.330165933378198773e+00 -3.037719405592544053e+00 -2.580295943890138499e+00 -4.086802660481945182e+00 -1.268671576118292288e+00 -4.296252165691629266e+00 -2.596262474153652189e+00 -3.704573981442039976e+00 1.472951559164437318e+00 -2.356928817679690091e+00 -2.676361977960442839e+00
-3.146605395558882634e+00 -4.378318342702173460e+00 -8.328109631671553714e+00 -3.038126195268112451e+00 -2.578418467979048057e+00 -4.086525471725898306e+00 -1.265171619072312348e+00 -4.294122424114837244e+00 -2.592868406775379331e+00 -3.705796881839422685e+00 1.476825163378102213e+00 -2.357458302323382160e+00 -2.676285219081186106e+00
-3.143391096744866609e+00 -4.376221201498436741e+00 -8.326026034298685374e+00 -3.038539106421332736e+00 -2.576502408532488797e+00 -4.086245447364003525e+00 -1.261624282114885753e+00 -4.291967878978169004e+00 -2.589428210956903342e+00 -3.707037936080872953e+00 1.480756389303702569e+00 -2.357993649634154920e+00 -2.676207572016600533e+00
-3.135190690694487525e+00 -4.370863333470036416e+00 -8.320697061725599752e+00 -3.039600664563649968e+00 -2.571500617559514978e+00 -4.085532565212015577e+00 -1.252534994950830871e+00 -4.286473899506708207e+00 -2.580611688762243450e+00 -3.710228702877706564e+00 1.490871092099812500e+00 -2.359357691587767203e+00 -2.676010023377437541e+00
-3.126774279203172746e+00 -4.365342052063528655e+00 -8.315209120564121648e+00 -3.040700272263582082e+00 -2.566227140231560622e+00 -4.084814509390579218e+00 -1.243145801306274612e+00 -4.280823676839640157e+00 -2.571502346576107545e+00 -3.713535573787499988e+00 1.501373726510285112e+00 -2.360754804980767396e+00 -2.675807569172554690e+00
-3.111594773455049090e+00 -4.355344665250523661e+00 -8.305265114997478548e+00 -3.042715176349885642e+00 -2.556233935947475278e+00 -4.083532719876711070e+00 -1.226047007025879765e+00 -4.270632896536561418e+00 -2.554905885610013083e+00 -3.719599311864411728e+00 1.520721992484837193e+00 -2.363287457703483696e+00 -2.675444626496336298e+00
-3.107748261188369998e+00 -4.352805422195187290e+00 -8.302740732994170259e+00 -3.043228563034798828e+00 -2.553662059869432621e+00 -4.083208930861315977e+00 -1.221697601156549684e+00 -4.268046112164417316e+00 -2.550683305910571796e+00 -3.721144269636223800e+00 1.525660446703463125e+00 -2.363929347364303268e+00 -2.675352898427406423e+00
-3.103850842848794311e+00 -4.350229040265568337e+00 -8.300180562601900291e+00 -3.043750678818286204e+00 -2.551023893477819549e+00 -4.082882707458065141e+00 -1.217277768998975107e+00 -4.265423659217044694e+00 -2.546391910209309106e+00 -3.722716744391401988e+00 1.530691978161698552e+00 -2.364579733506474657e+00 -2.675260083686732404e+00
-3.094987871115857381e+00 -4.344349317260458143e+00 -8.294343141161377275e+00 -3.044948532308325628e+00 -2.544874363755995628e+00 -4.082152967419803602e+00 -1.207170024721664126e+00 -4.259458949462477939e+00 -2.536576420441877033e+00 -3.726326966526747331e+00 1.542259260811930321e+00 -2.366057246751442467e+00 -2.675049035802593345e+00
-3.085871910813079655e+00 -4.338271273933295369e+00 -8.288321497739874033e+00 -3.046193863998075013e+00 -2.538359768805652283e+00 -4.081415950723581432e+00 -1.196697689378259044e+00 -4.253312402516288948e+00 -2.526403506338736449e+00 -3.730082539518892126e+00 1.554323355168803600e+00 -2.367578504984638510e+00 -2.674832986335887952e+00
-3.076495084956285542e+00 -4.332002604914487520e+00 -8.282105128893279655e+00 -3.047488762811073393e+00 -2.531461831651920402e+00 -4.080663135674321040e+00 -1.185850262407782907e+00 -4.246980927823509333e+00 -2.515863097935383319e+00 -3.733988563938101635e+00 1.566900826972671190e+00 -2.369145022760188901e+00 -2.674611700690591398e+00
-3.074130893143372845e+00 -4.330422086927789849e+00 -8.280537796688745900e+00 -3.047815558370063460e+00 -2.529714873700242173e+00 -4.080473731685057892e+00 -1.183113174129602818e+00 -4.245385796164309333e+00 -2.513203533174104720e+00 -3.734975148479135143e+00 1.570077937505382826e+00 -2.369539832183771733e+00 -2.674555841230582764e+00
-3.071746936282440110e+00 -4.328827570216533083e+00 -8.278956191463709757e+00 -3.048145824166957674e+00 -2.527944033851496020e+00 -4.080282945990918009e+00 -1.180349785501000337e+00 -4.243777618887984104e+00 -2.510518344813270630e+00 -3.735972256176568695e+00 1.573288422499123484e+00 -2.369937684866386896e+00 -2.674499506829761231e+00
-3.070848046373822360e+00 -4.328225796150174887e+00 -8.278359617095187417e+00 -3.048270507962858922e+00 -2.527273576320792969e+00 -4.080211379203753097e+00 -1.179306651125681782e+00 -4.243170884955764777e+00 -2.509504709386128241e+00 -3.736348814939188578e+00 1.574501778309563615e+00 -2.370087797855090272e+00 -2.674478257908484036e+00
-3.069946473680686072e+00 -4.327622061033639334e+00 -8.277761107707735988e+00 -3.048395686756586898e+00 -2.526599378325206757e+00 -4.080139622164556279e+00 -1.178259743329279630e+00 -4.242562268816876703e+00 -2.508487365880625486e+00 -3.736726879013779534e+00 1.575720203325008617e+00 -2.370238368721632849e+00 -2.674456963665573728e+00
-3.068350189741694933e+00 -4.326552507044467255e+00 -8.276700776054219943e+00 -3.048617696790977938e+00 -2.525400175986450613e+00 -4.080013022081699248e+00 -1.176404056442403423e+00 -4.241484516343278166e+00 -2.506684072970327470e+00 -3.737397486871282926e+00 1.577882359203594875e+00 -2.370505066623873613e+00 -2.674419236152824730e+00
-3.066745980304717900e+00 -4.325477448763265009e+00 -8.275634574523817122e+00 -3.048841146424218440e+00 -2.524191367774590855e+00 -4.079885807322089164e+00 -1.174537995334049345e+00 -4.240401735993166277e+00 -2.504870672122303521e+00 -3.738072325380369598e+00 1.580057663695396686e+00 -2.370773019923494207e+00 -2.674381313650113778e+00
-3.062519611863213420e+00 -4.322642030747781305e+00 -8.272821233971640709e+00 -3.049432441098785418e+00 -2.520969893282336560e+00 -4.079552315817665864e+00 -1.169607526922972429e+00 -4.237547805352483543e+00 -2.500078853937521384e+00 -3.739858522390716367e+00 1.585819901678919397e+00 -2.371478851704315716e+00 -2.674281501811058170e+00
-3.055110072017757972e+00 -4.317661594720046736e+00 -8.267884531798088688e+00 -3.050473156120045104e+00 -2.515256879579703675e+00 -4.078971647528673472e+00 -1.160937618885162781e+00 -4.232540106624282927e+00 -2.491651824013302541e+00 -3.743004467472034413e+00 1.595981042518239468e+00 -2.372717437381188788e+00 -2.674106757379091981e+00
-3.042006339959127281e+00 -4.308804949319100075e+00 -8.259119033250730268e+00 -3.052336160224299988e+00 -2.504820205652421361e+00 -4.077974519429608868e+00 -1.145470435323601599e+00 -4.223660748113371888e+00 -2.476614643311816799e+00 -3.748643264587122381e+00 1.614259398451777683e+00 -2.374912272518609591e+00 -2.673797556324781777e+00
-3.016974790784245908e+00 -4.291727021021066513e+00 -8.242266091392194127e+00 -3.055973225064233301e+00 -2.483744197130430820e+00 -4.076158504011346828e+00 -1.115473427760304226e+00 -4.206637238418110769e+00 -2.447438736880440224e+00 -3.759675155799377055e+00 1.650197647605476048e+00 -2.379118647847185297e+00 -2.673208279925889830e+00
-2.990199539509282189e+00 -4.273228910056839247e+00 -8.224061584716674034e+00 -3.059986789018577902e+00 -2.459421246934004213e+00 -4.074334949992184818e+00 -1.082668151976811322e+00 -4.188307734223414514e+00 -2.415512164630583491e+00 -3.771888176996248898e+00 1.690250596809209638e+00 -2.383636687494589790e+00 -2.672578779396043824e+00
-2.961732328849820295e+00 -4.253176877597033112e+00 -8.204470483949561910e+00 -3.064411769822382947e+00 -2.431239643610056067e+00 -4.072630233677574374e+00 -1.046796641881655665e+00 -4.168600740992458142e+00 -2.380588058098742632e+00 -3.785426456582381416e+00 1.735048683622521626e+00 -2.388460666900928064e+00 -2.671900623031810529e+00
-2.931881619037321141e+00 -4.231578194210247723e+00 -8.183658496714548036e+00 -3.069249747217627888e+00 -2.398671024138368857e+00 -4.071190966291987401e+00 -1.007858573167167426e+00 -4.147593448273362071e+00 -2.342660940763860555e+00 -3.800345608566827682e+00 1.785000810526895298e+00 -2.393560686902612478e+00 -2.671177977202138010e+00
-2.901113802916534201e+00 -4.208565988832678961e+00 -8.161883904580419014e+00 -3.074486939541903663e+00 -2.361184883484984898e+00 -4.070149844172216369e+00 -9.659836193053561448e-01 -4.125431681810614037e+00 -2.301844558393198792e+00 -3.816658857405339944e+00 1.840432334159193717e+00 -2.398885551263388205e+00 -2.670422095970612641e+00
-2.869935959671138015e+00 -4.184255787567105145e+00 -8.139396367301655388e+00 -3.080109508997682433e+00 -2.318209572394152485e+00 -4.069679351085312646e+00 -9.212984386977348672e-01 -4.102253989220505659e+00 -2.258262659143655426e+00 -3.834385470309960020e+00 1.901728446974596531e+00 -2.404382599549582888e+00 -2.669634494948454506e+00
-2.839141810890958073e+00 -4.158918654633384726e+00 -8.116663750671570199e+00 -3.086058636488866025e+00 -2.269364460787022253e+00 -4.069990644634601473e+00 -8.742633478541892433e-01 -4.078366951116219496e+00 -2.212359355985455522e+00 -3.853417448061772888e+00 1.968974686086646608e+00 -2.409965506449260442e+00 -2.668825776287153229e+00
-2.809734493641063757e+00 -4.132975923667589591e+00 -8.094348409332903671e+00 -3.092215434641783833e+00 -2.214658246675896613e+00 -4.071302957999407113e+00 -8.256872605641529805e-01 -4.054214401356317055e+00 -2.164924684045264058e+00 -3.873485366219973525e+00 2.041795437827105708e+00 -2.415508903724556955e+00 -2.668008860848766872e+00
-2.782650388221849180e+00 -4.106836348732993969e+00 -8.073064502436238854e+00 -3.098460588877910649e+00 -2.154159733158683032e+00 -4.073805612091327966e+00 -7.763736564889530678e-01 -4.030209152915166015e+00 -2.116750703345062323e+00 -3.894306790012203034e+00 2.119785812207328757e+00 -2.420898244143361744e+00 -2.667191697408074713e+00
-2.758670755267164765e+00 -4.080929989356374854e+00 -8.053320736162774551e+00 -3.104681811202425923e+00 -2.088098395846056388e+00 -4.077613349895255368e+00 -7.271383413867860135e-01 -4.006754438573244315e+00 -2.068640802188668637e+00 -3.915579187457679744e+00 2.202422375605837868e+00 -2.426039438187270303e+00 -2.666382185238918012e+00
-2.738410155537106760e+00 -4.055657779887253511e+00 -8.035579933370510020e+00 -3.110748775574050384e+00 -2.016996794264684922e+00 -4.082780685598886627e+00 -6.788580780137983828e-01 -3.984221606557897921e+00 -2.021455351216657093e+00 -3.936922126154984269e+00 2.288967113541303888e+00 -2.430839948042239129e+00 -2.665591421614782686e+00
-2.722333035181767613e+00 -4.031417903494546096e+00 -8.020243825090386025e+00 -3.116525445422730911e+00 -1.941485796253944685e+00 -4.089299136792757139e+00 -6.324200272313150739e-01 -3.962955509490363237e+00 -1.976062582815179214e+00 -3.957913939642500267e+00 2.378622558520757213e+00 -2.435226395508018449e+00 -2.664832975496555623e+00
-2.710638186805279570e+00 -4.008653408720707745e+00 -8.007523390553604514e+00 -3.121894060731082110e+00 -1.862489168538196349e+00 -4.097023923992833438e+00 -5.886922345240284127e-01 -3.943288571188502178e+00 -1.933317463203460873e+00 -3.978123109537808233e+00 2.470329622158951910e+00 -2.439154854385581661e+00 -2.664116051244284300e+00
-2.703115793494713870e+00 -3.987570899704677707e+00 -7.997368059303278542e+00 -3.126796410016911221e+00 -1.780723164566493599e+00 -4.105752928142249125e+00 -5.481597889843966565e-01 -3.925358755570729219e+00 -1.893695534221035759e+00 -3.997262135825590867e+00 2.563389739921468902e+00 -2.442627686465693948e+00 -2.663447863449094566e+00
-2.699310951248959700e+00 -3.968254744037375215e+00 -7.989570612012315998e+00 -3.131205679690825416e+00 -1.696902889620763633e+00 -4.115253304578978089e+00 -5.110359185503060564e-01 -3.909184144137343608e+00 -1.857413462501527501e+00 -4.015148976794946201e+00 2.657164803504941553e+00 -2.445652198940764244e+00 -2.662826332272892227e+00
-2.698595577232979714e+00 -3.950641157962226035e+00 -7.983783819626323996e+00 -3.135145572396106139e+00 -1.611477153836117893e+00 -4.125273572817128809e+00 -4.772220051399526097e-01 -3.894654649049189121e+00 -1.824380221728441276e+00 -4.031750150997667426e+00 2.751336764352060982e+00 -2.448261606850686167e+00 -2.662246310503791680e+00
-2.700374428881965549e+00 -3.934568361055454933e+00 -7.979637306637197725e+00 -3.138670052660542442e+00 -1.524234935740971908e+00 -4.135628276269993187e+00 -4.464061931209279965e-01 -3.881577775779065043e+00 -1.794288577222065140e+00 -4.047146522388391787e+00 2.846303975315914059e+00 -2.450520451914716791e+00 -2.661704784104875987e+00
-2.704232336036437978e+00 -3.919923481836788071e+00 -7.976883685579283068e+00 -3.141810858005829044e+00 -1.434965385065573917e+00 -4.146189071296574546e+00 -4.183549395991431052e-01 -3.869802615688354930e+00 -1.766905367795378323e+00 -4.061386979135249042e+00 2.942396850015151166e+00 -2.452462320312508659e+00 -2.661201751836156149e+00
-2.709775442539084089e+00 -3.906566451142869489e+00 -7.975306167813591252e+00 -3.144599530244929220e+00 -1.343430531318133614e+00 -4.156872382552882605e+00 -3.928541532858705332e-01 -3.859202163339273906e+00 -1.742021219589785286e+00 -4.074525868108736404e+00 3.039986601415664680e+00 -2.454121479515372961e+00 -2.660734448959533260e+00
-2.716623440444448701e+00 -3.894336712882250140e+00 -7.974672879533085457e+00 -3.147076444123637184e+00 -1.249139851859758066e+00 -4.167625798068251619e+00 -3.696123609320899894e-01 -3.849631367464973586e+00 -1.719359623611683263e+00 -4.086667743921182705e+00 3.139707627657917666e+00 -2.455535098080542600e+00 -2.660293162562818114e+00
-2.730219931184044491e+00 -3.875927741075721578e+00 -7.975185695708763234e+00 -3.150665058419944042e+00 -1.082841056795020185e+00 -4.185629895668139255e+00 -3.348331881827745771e-01 -3.835464727954960740e+00 -1.685477072957445754e+00 -4.105139702185000239e+00 3.313953593891866500e+00 -2.457439702080483457e+00 -2.659607415803541652e+00
-2.733965817345028082e+00 -3.871683900500600739e+00 -7.975575720191407036e+00 -3.151466430171990574e+00 -1.039263313361972640e+00 -4.190117033786020961e+00 -3.268617752511996377e-01 -3.832245600028953536e+00 -1.677715144618277199e+00 -4.109430235044233548e+00 3.359323409646865599e+00 -2.457837308183994374e+00 -2.659446274911501984e+00
-2.737813688172161974e+00 -3.867571727121529523e+00 -7.976050793221165058e+00 -3.152233069262993403e+00 -9.947321402268145540e-01 -4.194585518671082092e+00 -3.191565721804421329e-01 -3.829142653912937622e+00 -1.670213670116878379e+00 -4.113596611964615235e+00 3.405576994376098732e+00 -2.458207444613877524e+00 -2.659289196381826592e+00
-2.744257657202524570e+00 -3.861129442361778352e+00 -7.976971680801692166e+00 -3.153414424250102321e+00 -9.200650283618119207e-01 -4.201833588598737457e+00 -3.071227967441160223e-01 -3.824314698278724833e+00 -1.658502746361429248e+00 -4.120140619769686374e+00 3.482916832024995912e+00 -2.458748789780139887e+00 -2.659039823038152228e+00
-2.750880038311443343e+00 -3.854945547247681237e+00 -7.978035109534046931e+00 -3.154529761973292601e+00 -8.420260126199938799e-01 -4.209052972015874694e+00 -2.956211349102298991e-01 -3.819720006685641156e+00 -1.647313682991656814e+00 -4.126438175989611601e+00 3.563502464983526963e+00 -2.459232345762452532e+00 -2.658797561691764066e+00
-2.757639259508537499e+00 -3.849009064369413924e+00 -7.979217804051511820e+00 -3.155583937099414094e+00 -7.602514472855145256e-01 -4.216219806346572341e+00 -2.846269501729087326e-01 -3.815345535521955433e+00 -1.636621876182059010e+00 -4.132498393970345241e+00 3.647692875145964297e+00 -2.459659918491163388e+00 -2.658562145981905100e+00
-2.764535258723910705e+00 -3.843318624627575897e+00 -7.980522319058401592e+00 -3.156574737740470482e+00 -6.742357523439700406e-01 -4.223339994457657731e+00 -2.741281339662977601e-01 -3.811185294622478015e+00 -1.626416254490390401e+00 -4.138322589391216333e+00 3.735994654142313465e+00 -2.460027110883988399e+00 -2.658333187404109843e+00
-2.771564674892332825e+00 -3.837846707914330580e+00 -7.981937775245280697e+00 -3.157509414277091420e+00 -5.828443990357341509e-01 -4.230432325372904145e+00 -2.640664918728832800e-01 -3.807213351841710836e+00 -1.616639568461425647e+00 -4.143938460616983122e+00 3.829570861910621016e+00 -2.460348604498640235e+00 -2.658110114944124192e+00
-2.778689653042337948e+00 -3.832576701865309854e+00 -7.983446245534649321e+00 -3.158392000932717547e+00 -4.852340747488182449e-01 -4.237483963911665263e+00 -2.544169342757652275e-01 -3.803417909630125049e+00 -1.607267087148522844e+00 -4.149356311098181038e+00 3.929268716311151710e+00 -2.460623246766291849e+00 -2.657892502186220529e+00
-2.789797084176461883e+00 -3.824801476453196791e+00 -7.985910511343163876e+00 -3.159664360681013306e+00 -3.194607920624415454e-01 -4.248267814222881356e+00 -2.402704267964121954e-01 -3.797876956602956877e+00 -1.593529930517174842e+00 -4.157355231111382388e+00 4.098091784816397798e+00 -2.460954752137614054e+00 -2.657569331073322161e+00
-2.800978405385300185e+00 -3.817407876748902140e+00 -7.988487639022007869e+00 -3.160845990790394300e+00 -1.289681577462824802e-01 -4.258932823321072370e+00 -2.269222319536344790e-01 -3.792674157218822284e+00 -1.580573560203325512e+00 -4.164965554669008974e+00 4.291469246762354750e+00 -2.461203844685410314e+00 -2.657258531454521844e+00
-2.812221061873900307e+00 -3.810367927823358869e+00 -7.991175453552155084e+00 -3.161939660779491401e+00 9.631386584253483207e-02 -4.269484709115677568e+00 -2.143201340023832557e-01 -3.787785474484765658e+00 -1.568347597833813944e+00 -4.172207465812362237e+00 4.519467680098540718e+00 -2.461358444043312499e+00 -2.656958929322494445e+00
-2.817499079799822059e+00 -3.807178595418282629e+00 -7.992464350056755151e+00 -3.162424777347123239e+00 2.177842203177955960e-01 -4.274392418172251240e+00 -2.086472851080033442e-01 -3.785592506505499610e+00 -1.562846259544986349e+00 -4.175485656232375220e+00 4.642155702600576639e+00 -2.461395240471607515e+00 -2.656821908588001602e+00
