0.000000000000000000e+00
5.638565687608336946e-05
9.336812484397914247e-04
3.087043759181919839e-03
5.238912053310472439e-03
1.103887061663963616e-02
1.683360450989097520e-02
2.262502693877970622e-02
3.197552420946650487e-02
4.132026778670596506e-02
5.065909546170586919e-02
6.489386790586072762e-02
8.735261342460624856e-02
1.097473198780545139e-01
1.320743322607647874e-01
1.543370231388988545e-01
1.900011792125712307e-01
2.255387808745521749e-01
2.609964930362497770e-01
2.964349670710987317e-01
3.210965389666133318e-01
3.458327279353945460e-01
3.520231362260631269e-01
3.582220154929552924e-01
3.688699610573606957e-01
3.795661253365617549e-01
3.858595007199095983e-01
3.921831335976885269e-01
3.963077147422113811e-01
4.004530948415058744e-01
4.030406259610460062e-01
4.056406474218900993e-01
4.072062621765870083e-01
4.087859081183650156e-01
4.091814772210355944e-01
4.095801884842584228e-01
4.102984362229208926e-01
4.110426452136440312e-01
4.112351319936782823e-01
4.114334060159048345e-01
4.116397739840519376e-01
4.118594183161997657e-01
4.121055402430749970e-01
4.122680138110009773e-01
4.124782157201643540e-01
4.126500583682393697e-01
4.128812372446442613e-01
4.131931420920966769e-01
