0.000000000000000000e+00
7.581949619474206026e-04
7.581963598670643598e-04
2.102152917003724186e-08
3.164530306635140985e-08
1.406867470931954649e-07
1.262684939263780775e-06
1.246961189330721446e-05
7.066864909118334445e-05
1.676177760238867296e-04
3.406388196596096493e-04
5.145352473360879095e-04
7.885849247550347522e-04
1.063694498870850673e-03
1.340415181840331170e-03
1.617844558916751866e-03
1.895140094335285045e-03
2.173024046158051302e-03
2.451618494560936067e-03
2.731227177300185518e-03
3.011805568768240616e-03
3.141047747451558656e-03
3.270787685815661032e-03
3.401020015036974962e-03
3.532017894385184979e-03
3.596410550383285793e-03
3.660838216839438358e-03
3.725303996910015597e-03
3.789795253848306407e-03
3.822817763480064815e-03
3.855796155747621707e-03
3.888720012880486198e-03
3.921543853400284892e-03
3.954142903291644508e-03
3.970537500906903307e-03
3.986832431759454627e-03
4.002997675031436456e-03
4.018980520802400459e-03
4.034624890108463174e-03
4.049698119304842060e-03
4.057061361572196490e-03
4.064197631181294158e-03
4.071080308806998560e-03
4.077595716813832948e-03
4.083569913085983126e-03
4.088751837982101955e-03
4.092900444185641404e-03
4.094991987581526188e-03
4.096828401182867584e-03
4.098363593425169947e-03
4.099616325239877936e-03
4.100595429948175434e-03
4.101287698177050363e-03
4.101706921210485600e-03
4.101872038165728721e-03
4.101805057540553953e-03
4.101297844015705692e-03
4.100248414518349246e-03
4.098737295922518127e-03
4.096814625834944469e-03
4.094546095881611801e-03
4.091969067823907936e-03
4.089132757542049586e-03
4.086118628277392480e-03
4.082933530413741102e-03
4.079614933651116992e-03
4.076252211517360745e-03
