0.000000000000000000e+00
5.388801376204758239e-04
5.387483536601135907e-04
7.065928566893733311e-06
1.068566735245093766e-05
4.689173157665306631e-05
2.853271536210495707e-04
8.751233596622049696e-04
2.290832142557654941e-03
3.711225725315624255e-03
6.393655693321992524e-03
9.096737542363196594e-03
1.182100946112437517e-02
1.456488223702981886e-02
1.733147932990129064e-02
1.802379005901912773e-02
1.871772106673333727e-02
1.983946549745452953e-02
2.096526098495976251e-02
2.155080228002440035e-02
2.213729955001315919e-02
2.272442379146350291e-02
2.300178531946207514e-02
2.327903948870832518e-02
2.355586526064912256e-02
2.383200407529944068e-02
2.394791303882942701e-02
2.406342828179123747e-02
2.417825305789068902e-02
2.429207043588959419e-02
2.440430667754817443e-02
2.445406331068841407e-02
2.450304693277091314e-02
2.455092007944468732e-02
2.459723584601259186e-02
2.464134553137830100e-02
2.468236998967788740e-02
2.471935127541952451e-02
2.475169512801566815e-02
2.477960737174901909e-02
2.480406356050633004e-02
2.482629206005397896e-02
2.484733437608316331e-02
2.486789356871505624e-02
2.488838573367920318e-02
2.489899445640036263e-02
2.490966520791218497e-02
2.492039901649040559e-02
2.493123935467199404e-02
2.494225130300652127e-02
2.494775267265053262e-02
