0.000000000000000000e+00
1.379791415584535995e-08
2.671300928242044366e-08
3.583587533195228478e-03
3.583590633056246959e-03
3.583639279103363693e-03
3.584113705030068930e-03
3.588881415826981718e-03
3.625612245338591735e-03
3.655905806881409002e-03
3.688079363531886808e-03
3.766801035529625859e-03
3.854084786070318888e-03
3.949025093599559631e-03
4.050818990852834978e-03
4.243365099306722378e-03
4.592115223645287965e-03
4.967547003756084094e-03
5.633281562292783047e-03
6.309871892419664091e-03
6.976185447030564674e-03
7.620778273459755635e-03
8.244570970188921932e-03
8.854691062335258087e-03
9.459662383208946104e-03
1.006725532528578160e-02
1.068275788701518979e-02
1.131220257557529960e-02
1.195982919028677413e-02
1.262661144418053376e-02
1.331501927000282477e-02
1.402592583904433907e-02
1.475887862011186595e-02
1.551448607299061103e-02
1.629200555678883208e-02
1.671832733814361538e-02
1.715018081576379777e-02
1.758740060868768315e-02
1.802973753861275216e-02
1.814155175753569271e-02
1.825357196344913613e-02
1.844940965323623241e-02
1.864614867714314492e-02
1.884368813212146734e-02
1.893569857361180470e-02
1.902786749934491650e-02
1.912021568542776606e-02
1.921269062351299919e-02
1.930526160135504973e-02
1.934448903901566166e-02
1.938372497334814662e-02
1.942297640899038128e-02
1.946223716763642239e-02
1.950148671400594655e-02
1.951914666706164314e-02
1.953678759175151922e-02
