-3.628249701227398649e+00 -4.788424972848839722e+00 -8.485493897336096936e+00 -3.012375040243478352e+00 -4.024761507983311226e+00 -4.160625968769234184e+00 -1.267086506283354730e+00 -4.257164972365679922e+00 -2.586043248594967370e+00 -3.725989464490043535e+00 -2.541766499572632121e+00 -2.680173196310660977e+00
-3.628277846182017097e+00 -4.788462713482020128e+00 -8.485509722326973758e+00 -3.012371966972122728e+00 -4.024741984231395620e+00 -4.160624689104778007e+00 -1.267111585749099767e+00 -4.257179841642861895e+00 -2.586067058416437359e+00 -3.725980461507151897e+00 -2.541764156845270239e+00 -2.680174008541335251e+00
-3.628741919752623613e+00 -4.789085404479465069e+00 -8.485770601177069494e+00 -3.012321305288379047e+00 -4.024419871493901013e+00 -4.160603541009279205e+00 -1.267525055988677041e+00 -4.257425050558391710e+00 -2.586459605876393120e+00 -3.725832058519273460e+00 -2.541725501245462926e+00 -2.680187390279602511e+00
-3.633344322499011181e+00 -4.795299836178143593e+00 -8.488353383238983696e+00 -3.011819901515329079e+00 -4.021206777118575104e+00 -4.160389294578007657e+00 -1.271620318093876989e+00 -4.259860681119613801e+00 -2.590348616989941899e+00 -3.724364501095517976e+00 -2.541339737045614999e+00 -2.680319000642628513e+00
-3.648410520008041669e+00 -4.816097940543932587e+00 -8.496744424900541048e+00 -3.010192629261990493e+00 -4.010473582285424499e+00 -4.159619033968037449e+00 -1.284960262995028524e+00 -4.267863934045531771e+00 -2.603025654703261083e+00 -3.719607813378052796e+00 -2.540042398644626775e+00 -2.680738586001598200e+00
-3.671661253795015512e+00 -4.848669060643565842e+00 -8.509629574981641298e+00 -3.007697495528906639e+00 -3.993670220034392759e+00 -4.158407035575941713e+00 -1.305456157491703628e+00 -4.280251240480899000e+00 -2.622516195924371019e+00 -3.712329595280708272e+00 -2.537996031871473157e+00 -2.681370769165833057e+00
-3.713784638447260811e+00 -4.910564849995617820e+00 -8.532660827261571157e+00 -3.003233327772013350e+00 -3.961963131098733548e+00 -4.155974214695391744e+00 -1.342246261763729187e+00 -4.302954943699188739e+00 -2.657588142351651417e+00 -3.699402871342389876e+00 -2.534106763102859095e+00 -2.682429598078155841e+00
-3.753099916085050225e+00 -4.972441690248905921e+00 -8.553767728719524399e+00 -2.999134631654123861e+00 -3.930708694455346652e+00 -4.153225902639108291e+00 -1.376274623035980582e+00 -4.324497315056993862e+00 -2.690097784007813519e+00 -3.687594031431665975e+00 -2.530265968412384492e+00 -2.683338242630136872e+00
-3.789884023583740991e+00 -5.034894563312974469e+00 -8.573103297318041882e+00 -2.995348636300285250e+00 -3.899869416906895925e+00 -4.150114995985190625e+00 -1.407902348747918087e+00 -4.345049150372861213e+00 -2.720396395908145859e+00 -3.676745159506651373e+00 -2.526463924773101333e+00 -2.684100786176471409e+00
-3.824394005245382200e+00 -5.098056875835474955e+00 -8.590905418248075520e+00 -2.991818249858614998e+00 -3.869504282213913182e+00 -4.146784769058950104e+00 -1.437478447342270371e+00 -4.364797033785638547e+00 -2.748853051851048779e+00 -3.666713688785829373e+00 -2.522785732713528795e+00 -2.684707677530653758e+00
-3.873757398083049974e+00 -5.197398712951966537e+00 -8.615747943097234796e+00 -2.986801160757496021e+00 -3.823577855900963662e+00 -4.141452104053796823e+00 -1.479658125234520671e+00 -4.393910519034761819e+00 -2.789668096920216112e+00 -3.652582541848013786e+00 -2.517328442529293664e+00 -2.685378003108375378e+00
-3.919093455859830488e+00 -5.300652240753416677e+00 -8.637799749987674858e+00 -2.982204956686694164e+00 -3.778647353851602553e+00 -4.135871542363857678e+00 -1.518452915645888357e+00 -4.421811012978056787e+00 -2.827501756447450720e+00 -3.639767630916120655e+00 -2.512131815724707895e+00 -2.685747487701970027e+00
-3.960972340331884389e+00 -5.409885354725914475e+00 -8.657551812353695198e+00 -2.977914324301833560e+00 -3.734696522004827823e+00 -4.129914926073447567e+00 -1.554643125332219711e+00 -4.448907813342303896e+00 -2.863081307041432044e+00 -3.627957559463966142e+00 -2.507278737240562272e+00 -2.685851632576586656e+00
-3.999944796331875274e+00 -5.527116388965222171e+00 -8.675266297544864003e+00 -2.973884231951876789e+00 -3.691563241243650317e+00 -4.123729577864358120e+00 -1.588597496343752136e+00 -4.475343208892295976e+00 -2.896751722247142169e+00 -3.617003052562728360e+00 -2.502596835031550171e+00 -2.685706840724148226e+00
-4.071978018593891413e+00 -5.802220828396912999e+00 -8.705833602675317806e+00 -2.966434089012343289e+00 -3.605691304013888931e+00 -4.110933782441930084e+00 -1.652102427653055150e+00 -4.527696020084698070e+00 -2.960503671017152616e+00 -3.596812817314325894e+00 -2.493398211614002768e+00 -2.684779626976957267e+00
-4.136088581989939783e+00 -6.158746480907614007e+00 -8.729863150102419311e+00 -2.959835455841842933e+00 -3.521553775516640616e+00 -4.097843047215829593e+00 -1.709658127753757695e+00 -4.578941093194871748e+00 -3.019302318121870332e+00 -3.578844087779296412e+00 -2.484393705567418120e+00 -2.683079598268931942e+00
-4.151148555029357645e+00 -6.265314360339458766e+00 -8.735110172879075208e+00 -2.958285566670803224e+00 -3.500806311249040625e+00 -4.094729122869289917e+00 -1.723292701191779575e+00 -4.591675228735711656e+00 -3.033391417730660677e+00 -3.574637507266590575e+00 -2.482144898319998294e+00 -2.682542530020046279e+00
-4.165925141690131284e+00 -6.381889839191667413e+00 -8.740241694736640810e+00 -2.956750119860959369e+00 -3.480247198850105583e+00 -4.091826263694155585e+00 -1.736701036012420651e+00 -4.604437624957895991e+00 -3.047299988746157151e+00 -3.570513254561740624e+00 -2.479907839086713750e+00 -2.681969234151431625e+00
-4.180368230397427887e+00 -6.511476296355340310e+00 -8.745143479883401127e+00 -2.955238907340003607e+00 -3.459808473369838655e+00 -4.088974966239602438e+00 -1.749869878054493233e+00 -4.617212850598696683e+00 -3.061022898614651044e+00 -3.566473535943110118e+00 -2.477683880602887356e+00 -2.681355470087449344e+00
-4.186451860226002353e+00 -6.571497392568030449e+00 -8.747162629948771695e+00 -2.954602734041675838e+00 -3.451099997217442095e+00 -4.087782337337181993e+00 -1.755428334411985425e+00 -4.622676872295669703e+00 -3.066835616112340457e+00 -3.564773229757280504e+00 -2.476733912589196951e+00 -2.681080082591587477e+00
-4.192487597577592595e+00 -6.634903720447005604e+00 -8.749129328760083979e+00 -2.953973917800185145e+00 -3.442399138409265369e+00 -4.086616818651870986e+00 -1.760940656187047759e+00 -4.628138963770615177e+00 -3.072610212565713539e+00 -3.563089564631876982e+00 -2.475773210879884001e+00 -2.680798114035752633e+00
-4.203365207350619137e+00 -6.761053697699147769e+00 -8.752600929112768213e+00 -2.952841506312664066e+00 -3.426561359146172325e+00 -4.084518180765909001e+00 -1.770901209331174897e+00 -4.638119596285102730e+00 -3.083067325492990562e+00 -3.560050818332088696e+00 -2.474017723452105688e+00 -2.680269126712496508e+00
-4.214088377035802857e+00 -6.903653013705521424e+00 -8.755908378218066446e+00 -2.951726165052038997e+00 -3.410753414980895570e+00 -4.082476638129964641e+00 -1.780736894377771939e+00 -4.648129331418503263e+00 -3.093437935249766735e+00 -3.557056085853759431e+00 -2.472249180387990020e+00 -2.679710333986777382e+00
-4.218688243218429612e+00 -6.971372247417710888e+00 -8.757300118247087539e+00 -2.951247909556768967e+00 -3.403911979901794727e+00 -4.081623544246110846e+00 -1.784951924751373653e+00 -4.652468516644797880e+00 -3.097895868941113129e+00 -3.555774623730591610e+00 -2.471476156047718309e+00 -2.679460192060032053e+00
-4.223265599734523867e+00 -7.043410504261276017e+00 -8.758676107080129114e+00 -2.950773533955375783e+00 -3.397079110254327627e+00 -4.080794867598081410e+00 -1.789144369835665715e+00 -4.656810495173788311e+00 -3.102333769014149478e+00 -3.554501323838707982e+00 -2.470700183243478953e+00 -2.679208473256785350e+00
-4.227813785014085113e+00 -7.120615776123632834e+00 -8.760023835874847009e+00 -2.950302482718377917e+00 -3.390258369241443859e+00 -4.079972960340542798e+00 -1.793315598479587436e+00 -4.661157763584734326e+00 -3.106757363086137147e+00 -3.553235967271652473e+00 -2.469926025881872711e+00 -2.678951395692913184e+00
-4.237106208244720840e+00 -7.300506743565479795e+00 -8.762715935234409059e+00 -2.949343082342947842e+00 -3.376210776870351982e+00 -4.078313618680755148e+00 -1.801842626335064201e+00 -4.670128041412302089e+00 -3.115821891451367343e+00 -3.550653582612823822e+00 -2.468320591974368483e+00 -2.678407778892880842e+00
-4.246292887317199671e+00 -7.517739072192979322e+00 -8.765290011787351787e+00 -2.948399492140626688e+00 -3.362178633881885759e+00 -4.076724344722759241e+00 -1.810268172852613988e+00 -4.679105210140338755e+00 -3.124805580635896529e+00 -3.548106728245301156e+00 -2.466684485203324062e+00 -2.677847339845001340e+00
-4.251074109108616383e+00 -7.652290831233773183e+00 -8.766594180056037189e+00 -2.947911170889462529e+00 -3.354812612776240766e+00 -4.075907864310636342e+00 -1.814654416734383657e+00 -4.683823004898042264e+00 -3.129491163894703387e+00 -3.546782371135011935e+00 -2.465815429855664931e+00 -2.677547557465414840e+00
-4.255826649866386369e+00 -7.806808185053821347e+00 -8.767870194351406354e+00 -2.947427967041192254e+00 -3.347449918609329167e+00 -4.075105747973410075e+00 -1.819013925036108592e+00 -4.688541868509443766e+00 -3.134153734385786816e+00 -3.545467114032959000e+00 -2.464941398851340892e+00 -2.677244634862347539e+00
-4.260550405294101672e+00 -7.988713161360981196e+00 -8.769115884127115734e+00 -2.946948812982375987e+00 -3.340097241437756548e+00 -4.074321013991036189e+00 -1.823348677314458488e+00 -4.693263737846257833e+00 -3.138798065537360404e+00 -3.544161090709352369e+00 -2.464064329711160184e+00 -2.676936528033390328e+00
-4.265243526896641768e+00 -8.210545286063469561e+00 -8.770327769194713241e+00 -2.946474374759221693e+00 -3.332753517821250178e+00 -4.073547498950454759e+00 -1.827658452639266073e+00 -4.697988157090660977e+00 -3.143423396038105277e+00 -3.542864348866346713e+00 -2.463185047368262381e+00 -2.676623443971712479e+00
-4.267556745768570359e+00 -8.340685761567675272e+00 -8.770915320361684309e+00 -2.946241246462860452e+00 -3.329118776538299684e+00 -4.073170015116008180e+00 -1.829782662425156969e+00 -4.700327789610271978e+00 -3.145706379063317293e+00 -3.542225920240737569e+00 -2.462747896922450330e+00 -2.676466397807345743e+00
-4.269864029536938332e+00 -8.490453178785207555e+00 -8.771495141881661795e+00 -2.946008992311536012e+00 -3.325483143884905513e+00 -4.072796123729078843e+00 -1.831901215484168288e+00 -4.702668729266889613e+00 -3.147985553726845520e+00 -3.541589616713486155e+00 -2.462308381975593097e+00 -2.676307887048663847e+00
-4.272164744919277446e+00 -8.666577299701899051e+00 -8.772067627095745834e+00 -2.945777751551110768e+00 -3.321847736845797261e+00 -4.072424171782277114e+00 -1.834014263271034562e+00 -4.705011257127645230e+00 -3.150260338705655805e+00 -3.540955221482970039e+00 -2.461867382271154980e+00 -2.676148387960481045e+00
-4.274458240142836374e+00 -8.880428500665969338e+00 -8.772632638365692515e+00 -2.945547699878495074e+00 -3.318214623699232479e+00 -4.072056202866841446e+00 -1.836121104281667193e+00 -4.707354025489475013e+00 -3.152529868218313158e+00 -3.540323005252595134e+00 -2.461425566977232471e+00 -2.675988045675731897e+00
-4.275562946123848462e+00 -9.002030789045226911e+00 -8.772902852796324424e+00 -2.945437033674108473e+00 -3.316461692277414830e+00 -4.071880269385757423e+00 -1.837136071327377884e+00 -4.708485270413861556e+00 -3.153623745733910244e+00 -3.540018528132059306e+00 -2.461211971891429595e+00 -2.675910321869549247e+00
-4.276666158919814720e+00 -9.140669383332449272e+00 -8.773171689755535851e+00 -2.945326597337121655e+00 -3.314708898129538728e+00 -4.071705087460008698e+00 -1.838149633589150067e+00 -4.709616788006281141e+00 -3.154716470569912001e+00 -3.539714519389647318e+00 -2.460998102397694787e+00 -2.675832391202290328e+00
-4.277767898399171820e+00 -9.301826424623490297e+00 -8.773438969319165892e+00 -2.945216397138226583e+00 -3.312956403684129914e+00 -4.071530425353314442e+00 -1.839162020695271238e+00 -4.710748702535837218e+00 -3.155808298399092493e+00 -3.539410939517965371e+00 -2.460784104039756670e+00 -2.675754216907757499e+00
-4.278868255434624679e+00 -9.494459258317483830e+00 -8.773704817659293553e+00 -2.945106372168265096e+00 -3.311204315186694114e+00 -4.071356610053365799e+00 -1.840173277369626659e+00 -4.711881187104178359e+00 -3.156899351289778721e+00 -3.539107759527268637e+00 -2.460570034416510232e+00 -2.675675749564223160e+00
-4.279459069267868898e+00 -9.615394461582168262e+00 -8.773847045528139432e+00 -2.945047326697690426e+00 -3.310262578156694779e+00 -4.071263550887031180e+00 -1.840716223715690214e+00 -4.712489996953943105e+00 -3.157485321493457953e+00 -3.538945001473071894e+00 -2.460454883747791310e+00 -2.675633467021462764e+00
-4.280049397022804847e+00 -9.753372908655611795e+00 -8.773988703288869928e+00 -2.944988367452892941e+00 -3.309320838177737034e+00 -4.071170639578530981e+00 -1.841258761317457138e+00 -4.713098848479708280e+00 -3.158070953619722232e+00 -3.538782380675763228e+00 -2.460339674236741825e+00 -2.675591121812532780e+00
-4.280639186707632327e+00 -9.913968294017575289e+00 -8.774129790120035466e+00 -2.944929495993255486e+00 -3.308379290384348081e+00 -4.071077915083178844e+00 -1.841800861881932372e+00 -4.713707708767926441e+00 -3.158656230357319572e+00 -3.538619912589243466e+00 -2.460224465185499643e+00 -2.675548707289607808e+00
-4.281228468632603423e+00 -1.010637547579301199e+01 -8.774270331901941944e+00 -2.944870708435915141e+00 -3.307437894664801536e+00 -4.070985464100716378e+00 -1.842342496667207952e+00 -4.714316548643457061e+00 -3.159241143534829543e+00 -3.538457613811907265e+00 -2.460109239481535592e+00 -2.675506211393886780e+00
-4.281531592302017408e+00 -1.022206399862942305e+01 -8.774342495390147434e+00 -2.944840479662333532e+00 -3.306953409561172563e+00 -4.070937943264024916e+00 -1.842621138004752801e+00 -4.714629944831724373e+00 -3.159542091300557853e+00 -3.538374131923635701e+00 -2.460049943196990885e+00 -2.675484312488330296e+00
-4.281834590909658900e+00 -1.035369448926468117e+01 -8.774414544561325968e+00 -2.944810271278859748e+00 -3.306468965454576470e+00 -4.070890441544015026e+00 -1.842899699143089709e+00 -4.714943371831497920e+00 -3.159842974765368684e+00 -3.538290679993952192e+00 -2.459990666504732193e+00 -2.675462399700886174e+00
-4.282137459189652162e+00 -1.050650631881230623e+01 -8.774486461314465302e+00 -2.944780082967393575e+00 -3.305984547764244219e+00 -4.070842950821996986e+00 -1.843178173566168088e+00 -4.715256833687179849e+00 -3.160143794305843912e+00 -3.538207258929867205e+00 -2.459931411960089243e+00 -2.675440468115791948e+00
-4.282440179346425957e+00 -1.068935932816239465e+01 -8.774558222880740388e+00 -2.944749918604586902e+00 -3.305500160868442894e+00 -4.070795440699821022e+00 -1.843456553448563406e+00 -4.715570323606639747e+00 -3.160444542074198893e+00 -3.538123872288447380e+00 -2.459872190578388462e+00 -2.675418517036218358e+00
