0.000000000000000000e+00
1.231673620817534621e-06
3.412552739866920782e-06
8.864750537490386187e-06
1.431694833511385201e-05
6.883892631134851537e-05
6.140587060736950710e-04
6.066256503697161143e-03
3.415402553512562195e-02
8.042166835840103278e-02
1.643728805280985916e-01
2.483240926977961505e-01
3.800929476062934187e-01
5.118618025147907424e-01
6.436306574232879552e-01
7.753995123317851679e-01
9.071683672402823806e-01
1.038937222148779593e+00
1.170706077057276806e+00
1.302474931965774019e+00
1.434243786874271231e+00
1.494989266167919162e+00
1.555734745461567092e+00
1.616480224755215023e+00
1.677225704048862953e+00
1.707041413123578932e+00
1.736857122198294912e+00
1.766672831273010891e+00
1.796488540347726870e+00
1.811756151948409554e+00
1.827023763549092239e+00
1.842291375149774924e+00
1.857558986750457608e+00
1.872826598351140293e+00
1.880511440922596256e+00
1.888196283494052219e+00
1.895881126065508182e+00
1.903565968636964145e+00
1.911250811208420108e+00
1.918935653779876072e+00
1.922701015238263089e+00
1.926466376696650107e+00
1.930231738155037124e+00
1.933997099613424142e+00
1.937762461071811160e+00
1.941527822530198177e+00
1.945293183988585195e+00
1.947331214633821972e+00
1.949369245279058749e+00
1.951407275924295526e+00
1.953445306569532303e+00
1.955483337214769080e+00
1.957521367860005856e+00
1.959559398505242633e+00
1.961597429150479410e+00
1.963635459795716187e+00
1.967076170432555671e+00
1.970516881069395154e+00
1.973957591706234638e+00
1.977398302343074121e+00
1.980839012979913605e+00
1.984279723616753088e+00
1.987720434253592572e+00
1.991161144890432055e+00
1.994601855527271539e+00
1.998042566164111022e+00
2.001483276800950506e+00
