0.000000000000000000e+00
1.924583482718972489e-04
3.194168578596938424e-03
1.054798096411508831e-02
1.790179334963323821e-02
3.773565482711455088e-02
5.756951630459586355e-02
7.740337778207717623e-02
1.094506398176037509e-01
1.414979018531303256e-01
1.735451638886569004e-01
2.224226379750632865e-01
2.996362900230772341e-01
3.768499420710912373e-01
4.540635941191052405e-01
5.312772461671192437e-01
6.556404040886940621e-01
7.800035620102687695e-01
9.043667199318434768e-01
1.028729877853418184e+00
1.115131591566385971e+00
1.201533305279353758e+00
1.223133733707595594e+00
1.244734162135837430e+00
1.281734874100157962e+00
1.318735586064478493e+00
1.340428683727563408e+00
1.362121781390648323e+00
1.376228388947510872e+00
1.390334996504373422e+00
1.399124559593761141e+00
1.407914122683148861e+00
1.413198272071199302e+00
1.418482421459249743e+00
1.419803458806262464e+00
1.421124496153275185e+00
1.423469270663259456e+00
1.425814045173243727e+00
1.426400238800739739e+00
1.426986432428235752e+00
1.427572626055731764e+00
1.428158819683227776e+00
1.428745013310723788e+00
1.429075119976084274e+00
1.429405226641444759e+00
1.429600193166309152e+00
1.429795159691173545e+00
1.429990126216037938e+00
