1.794871135454477462e-01 -1.050369828504701397e-01 -9.282008462411533989e-01 1.435433145127898436e-01 1.368832546059668004e-02 2.405641626929488075e-01 1.041782770269149838e-01 -7.535591662444862671e-02
1.789574177700404556e-01 -1.037022265915439473e-01 -9.245303175205790147e-01 1.432182962342718469e-01 1.350233946048099917e-02 2.395351089529619837e-01 1.023945627867665770e-01 -7.485726112886863237e-02
1.784278279746232265e-01 -1.023676052852390411e-01 -9.208604621487875841e-01 1.428931975809438759e-01 1.331641009582156497e-02 2.385062955733450729e-01 1.006113642588696150e-01 -7.435885217077914389e-02
1.784108922128341268e-01 -1.023847969423542781e-01 -9.208780140537053960e-01 1.429310575706460029e-01 1.331662640520789483e-02 2.385336466627812624e-01 1.006136674178008117e-01 -7.434895678046718470e-02
1.783947476393741016e-01 -1.023983179199817045e-01 -9.208971616318032405e-01 1.429698128107772248e-01 1.331671066131800973e-02 2.385614330909293646e-01 1.006141040427208783e-01 -7.433879602936824260e-02
1.782310286382478015e-01 -1.025627667602558579e-01 -9.210851303334516293e-01 1.433565805484137146e-01 1.331973879934548154e-02 2.388444771475954354e-01 1.006341168294317134e-01 -7.424104771725693885e-02
1.770776959825906549e-01 -1.036467348964577873e-01 -9.219487474945756711e-01 1.458938698215765939e-01 1.333991398093530185e-02 2.406835605121316057e-01 1.007675315318194847e-01 -7.358759238241813216e-02
1.739481609540267093e-01 -1.063618750306898342e-01 -9.223089999746616474e-01 1.521951467313398809e-01 1.339497972957166827e-02 2.452409640279086256e-01 1.010578885817562250e-01 -7.195115590061029742e-02
1.654933652984899861e-01 -1.125321095194981302e-01 -9.177585115440566321e-01 1.671624396187355310e-01 1.347087072495513176e-02 2.556877503589722322e-01 1.014728347896056843e-01 -6.780222032760185868e-02
1.556075509920767930e-01 -1.184217512504058684e-01 -9.023737815451933209e-01 1.816321294249433616e-01 1.345037591068485444e-02 2.650908314569638824e-01 1.015435171706365602e-01 -6.330611250741424723e-02
1.353231136190836681e-01 -1.276746097218267872e-01 -8.508593727915776395e-01 2.073676582446722094e-01 1.319827830299182686e-02 2.806912623864936118e-01 1.005124979533326274e-01 -5.460944665702916617e-02
1.152636498832012579e-01 -1.335767736609890510e-01 -7.824293126348397243e-01 2.327645565077940404e-01 1.277549044967445438e-02 2.964055567480565201e-01 9.811843434010511511e-02 -4.655430804357529873e-02
9.761349816410874736e-02 -1.379361937595696419e-01 -7.107396407800811167e-01 2.624129004310286062e-01 1.226230610093132986e-02 3.176048810639290343e-01 9.547095273757917611e-02 -3.968516939900609136e-02
8.244925128513076740e-02 -1.411671922782511968e-01 -6.411498610508138407e-01 3.032713232509296475e-01 1.171562760742674535e-02 3.512086124611928928e-01 9.276060214353179512e-02 -3.391177498423385284e-02
6.862462959162812792e-02 -1.444182944397326140e-01 -5.706733845377317538e-01 3.707106538759702974e-01 1.121705337807081884e-02 4.126685737394770737e-01 9.067642853164523120e-02 -2.921287097913864358e-02
6.522614981316475491e-02 -1.451688858264403859e-01 -5.521530319004080978e-01 3.944144078319226643e-01 1.108984643618649187e-02 4.350167806119428215e-01 9.019314749228161954e-02 -2.816186545226371379e-02
6.173242407711394125e-02 -1.457922005845383728e-01 -5.326132728723214083e-01 4.231284622150135455e-01 1.095417259495409801e-02 4.623719015504025309e-01 8.967436465876169049e-02 -2.712400221118710375e-02
5.562145698048823889e-02 -1.466856516708748837e-01 -4.970600096714907767e-01 4.859547252990803479e-01 1.076257901301424895e-02 5.231480267323547206e-01 8.891018109035930816e-02 -2.555327717961565145e-02
4.836253868739655293e-02 -1.472318288159675248e-01 -4.526454992663456189e-01 5.832367563670887156e-01 1.057233623353545475e-02 6.183125609031075998e-01 8.804600737102391550e-02 -2.392611855666284745e-02
4.378512580878373556e-02 -1.475428581901119807e-01 -4.238408730094736510e-01 6.568455117080840289e-01 1.046093788681438756e-02 6.906955488974648727e-01 8.767402408783296630e-02 -2.298855041666282226e-02
3.809820950578894638e-02 -1.475486171000328361e-01 -3.873145505270992883e-01 7.605169331594296978e-01 1.033711946655217241e-02 7.929899970422170652e-01 8.728962059764636128e-02 -2.193995418711649006e-02
3.041820350822688201e-02 -1.466710459277955347e-01 -3.371054592219591695e-01 9.185335678500803347e-01 1.017496850265444883e-02 9.493015204265228268e-01 8.665357508881908755e-02 -2.065968607966766832e-02
2.565240458929680598e-02 -1.459702086181085545e-01 -3.056672336117303712e-01 1.024525742962690167e+00 1.008078863849212227e-02 1.054309656778308124e+00 8.631696716321170249e-02 -1.992252764037253168e-02
1.961702014953605952e-02 -1.450563096693303078e-01 -2.656920874891468554e-01 1.166536919118650983e+00 9.961545662917322200e-03 1.195122263400429929e+00 8.599297503927336161e-02 -1.902264691440758854e-02
1.157028821590323081e-02 -1.435278399196446286e-01 -2.122289908717265861e-01 1.366938227136399897e+00 9.789135096732569027e-03 1.393932130567465899e+00 8.552909019775727095e-02 -1.783585934235229140e-02
-4.965931484808040752e-05 -1.409294053296832883e-01 -1.348515796983860149e-01 1.673844755724532840e+00 9.518003786209924127e-03 1.698537956588540343e+00 8.484143878780550652e-02 -1.613182506679071773e-02
-6.638982750987008560e-03 -1.393613200682840281e-01 -9.093336818051883652e-02 1.854712682423484971e+00 9.349617658785166346e-03 1.878073203156882531e+00 8.446759851430600541e-02 -1.515099116671658926e-02
-1.489398991622638280e-02 -1.372729694789432686e-01 -3.591583498157963766e-02 2.087973483622996618e+00 9.116835277436410867e-03 2.109609862062317820e+00 8.398087675465325252e-02 -1.389108546408729904e-02
-2.555565241073840671e-02 -1.344714634110627804e-01 3.510075873995970736e-02 2.399064721954727197e+00 8.776678060697156933e-03 2.418370549147256465e+00 8.334209459566359335e-02 -1.220114091424638440e-02
-3.994225052666679210e-02 -1.305319567200758923e-01 1.308993155436122269e-01 2.834256471088831830e+00 8.245752711659767864e-03 2.850216485127641697e+00 8.245625810482290485e-02 -9.799235456345763151e-03
-6.046661158111715090e-02 -1.246419702187674394e-01 2.674738941415533144e-01 3.482910508662227400e+00 7.343493862491436326e-03 3.493700402336408661e+00 8.112447611342975262e-02 -6.131521372019915761e-03
-7.269614657195565266e-02 -1.210750023297207933e-01 3.488113425259209421e-01 3.882551705166483291e+00 6.727851804183461980e-03 3.890044839084330963e+00 8.032049518898883023e-02 -3.813607547808346102e-03
-8.761494543737659291e-02 -1.166482387055430836e-01 4.480131122962965895e-01 4.384561650604152483e+00 5.876966339634285066e-03 4.387748526223400169e+00 7.931243869471057972e-02 -8.107438244795749441e-04
-1.058889240536358411e-01 -1.110793787106510444e-01 5.695112914787451297e-01 5.021950713168243041e+00 4.668362900926979406e-03 5.019387846257822972e+00 7.800846187410036270e-02 3.160458489045594923e-03
-1.281390410203262498e-01 -1.041128871443827431e-01 7.174507621613135377e-01 5.835075432370668835e+00 2.915222076908147251e-03 5.824708567082391930e+00 7.632108164186274246e-02 8.491329704512943360e-03
-1.543015487253779905e-01 -9.566623393547302179e-02 8.914397254535926240e-01 6.856072034508041035e+00 3.605503649900018270e-04 6.835119960599691069e+00 7.418448042499380113e-02 1.562952220663285652e-02
-1.824790564149182392e-01 -8.613483346134399865e-02 1.078961876950570664e+00 8.073085601753414053e+00 -3.229244855423747066e-03 8.038342260823352348e+00 7.160046729796040732e-02 2.479296201105958206e-02
-2.081374739148944553e-01 -7.676978041554667620e-02 1.249987826277705549e+00 9.392137230801681724e+00 -7.787560953310119008e-03 9.341155228832260349e+00 6.879763928604641643e-02 3.540971671617679228e-02
-2.262323076500648289e-01 -6.934360584310729492e-02 1.370877441382300610e+00 1.068349313092404351e+01 -1.270683756420326604e-02 1.061619015747140971e+01 6.629066581962421434e-02 4.590613982322543085e-02
-2.352980976989764161e-01 -6.473057336662245420e-02 1.431515563865890739e+00 1.191457753011980358e+01 -1.711017145623892899e-02 1.183355391528362510e+01 6.448932555781226872e-02 5.459470574886837735e-02
-2.379577836690185133e-01 -6.245131764477403202e-02 1.448951401218516732e+00 1.320045674907331623e+01 -2.043890309714498782e-02 1.310956919445857771e+01 6.345326782176374802e-02 6.076159153788213141e-02
-2.377308638028391985e-01 -6.159077191804556567e-02 1.446410486014680252e+00 1.472978188795575072e+01 -2.264122829533525560e-02 1.463259165570521247e+01 6.305567330325491382e-02 6.466986988326642316e-02
-2.367927309700811334e-01 -6.142189424271471410e-02 1.438435228978170111e+00 1.670378484489945592e+01 -2.395864753141417614e-02 1.660289346931754650e+01 6.310123997024072451e-02 6.696045760483874953e-02
-2.359631506878392682e-01 -6.154475689093530377e-02 1.430682941076204751e+00 1.935956970849644421e+01 -2.470270675554549211e-02 1.925659078288262194e+01 6.341417625922554646e-02 6.826050077859606435e-02
-2.353226503098524436e-01 -6.178700164982157961e-02 1.423898472334810039e+00 2.306033015064998537e+01 -2.514422504371962783e-02 2.295610078903995799e+01 6.387578366470554603e-02 6.904868491538146413e-02
-2.350286411144385801e-01 -6.193097039778737434e-02 1.420572132938327181e+00 2.558981879467301113e+01 -2.531600943099310275e-02 2.548509921360846420e+01 6.414569323105352716e-02 6.936073918494389812e-02
-2.347404098370952930e-01 -6.206779051763124111e-02 1.417282681285561452e+00 2.873474716984080146e+01 -2.547278285011753823e-02 2.862957906944230757e+01 6.441838491169940561e-02 6.964731462873233192e-02
-2.344491926611521337e-01 -6.219466480887303472e-02 1.413977082560045062e+00 3.274646891651432412e+01 -2.562493883312880194e-02 3.264086566846923887e+01 6.469196423566957177e-02 6.992541666350356178e-02
-2.341512546228934621e-01 -6.233608023494931205e-02 1.410630350565495794e+00 3.804803380651148359e+01 -2.577745152637274731e-02 3.794199510238696149e+01 6.497595844116552111e-02 7.020405194212055167e-02
-2.338401027303063373e-01 -6.250108152363287317e-02 1.407196234752768227e+00 4.540391556142225937e+01 -2.593576793770403441e-02 4.529742656154353853e+01 6.527982807261446807e-02 7.049193386335309008e-02
-2.336741028047540358e-01 -6.258675686290983420e-02 1.405415108695948323e+00 5.020120880570337363e+01 -2.601856802390361059e-02 5.009448442090397435e+01 6.543796776421592631e-02 7.064205943972733104e-02
