-4.260836035973653013e-01 -5.713307650089137768e-01 -2.395754146400021489e-01 4.652657388601233457e-02 2.955575112494995826e-01 1.937050314322109890e-02 -3.796792384514622309e-01 -2.251028914889328936e-01 -3.604575748799260237e-01 1.362978777700513677e-01 3.546457899137643588e-02 -1.229684799289720853e-02
-4.260619428540414755e-01 -5.713237278680992626e-01 -2.395602319099540967e-01 4.652351481439995912e-02 2.955531291926451476e-01 1.937216524543087029e-02 -3.796567127799089225e-01 -2.250933171189916926e-01 -3.604366921655401956e-01 1.362884686801436041e-01 3.546429438817388230e-02 -1.229561978126963474e-02
-4.257097770452368257e-01 -5.712091105636699639e-01 -2.393205790483780848e-01 4.647545223994431485e-02 2.954795655790645181e-01 1.939772089447193773e-02 -3.792940150215337591e-01 -2.249417003497838630e-01 -3.601012836601770739e-01 1.361369842810704334e-01 3.545726438438755873e-02 -1.227537220219981386e-02
-4.222983908413416865e-01 -5.700538925955530578e-01 -2.369969363206068103e-01 4.600337809161066105e-02 2.947995066990565793e-01 1.963715456669094805e-02 -3.757563486938779174e-01 -2.234515683390609353e-01 -3.568266518095453144e-01 1.346539493409506794e-01 3.539493130342756533e-02 -1.208001687480514397e-02
-4.126240646133503276e-01 -5.681465911369318889e-01 -2.300391097896283266e-01 4.458764116937861954e-02 2.935021151422495533e-01 2.021758651007831559e-02 -3.652435075239276463e-01 -2.191457548165000602e-01 -3.471143819576441580e-01 1.302376609527417239e-01 3.553807807514287181e-02 -1.147875288717626653e-02
-3.972174817854456919e-01 -5.651018397085942890e-01 -2.191923444489018713e-01 4.245340922850052851e-02 2.909705465080500986e-01 2.109881634067844319e-02 -3.489063386931663402e-01 -2.124126374834235387e-01 -3.320813781292348277e-01 1.234462762840023708e-01 3.564070092307605048e-02 -1.051161990466446296e-02
-3.695587451987800143e-01 -5.620703186381622585e-01 -2.001221776217670945e-01 3.881288513681448865e-02 2.861412918228229962e-01 2.335571460888753031e-02 -3.208420840696203924e-01 -2.007112926269641884e-01 -3.062046272943191871e-01 1.119684211472564694e-01 3.543181698846552263e-02 -8.887434841920085343e-03
-3.452911315354988964e-01 -5.645376052749471185e-01 -1.833012682523726955e-01 3.572863764293612854e-02 2.822313035810811721e-01 2.640167608882141789e-02 -2.973616482243402470e-01 -1.909739875117153762e-01 -2.845402049942055700e-01 1.024944425705719420e-01 3.496905894016602567e-02 -7.508462275135533749e-03
-3.236542004947540740e-01 -5.703750332187510486e-01 -1.684734917183708935e-01 3.316215421994081480e-02 2.783480187469635214e-01 2.912018018336183164e-02 -2.774292046192738947e-01 -1.829370796061803861e-01 -2.663772342799515247e-01 9.453794133691890977e-02 3.411048887613055830e-02 -6.171813023658446681e-03
-3.044915465877790495e-01 -5.785684787940219564e-01 -1.554750701685441161e-01 3.099068155129587263e-02 2.745346736237316843e-01 3.095359106488808007e-02 -2.603002815615219068e-01 -1.762320003175969763e-01 -2.509503116121039601e-01 8.776964861816928531e-02 3.306218966526185826e-02 -4.903576274989046059e-03
-2.792148053316146905e-01 -5.968255064585908931e-01 -1.382287321011505810e-01 2.825839045593120380e-02 2.688884348355318754e-01 3.256327002016803224e-02 -2.386108784722426324e-01 -1.681874492089295570e-01 -2.316765868659342864e-01 7.927143060218791448e-02 3.134659028847829737e-02 -3.101849701217852286e-03
-2.576212697075905833e-01 -6.253817461585118309e-01 -1.236137103686319183e-01 2.617525572285878468e-02 2.632253001422682481e-01 3.409444641040353108e-02 -2.214406500040751735e-01 -1.624571779107876757e-01 -2.167002629175150408e-01 7.262306424084920276e-02 2.947284952321818641e-02 -1.454470733111916034e-03
-2.386679260275032521e-01 -6.665245829782535658e-01 -1.105412517680417206e-01 2.448528766624908162e-02 2.577576080799325320e-01 3.572233337957729515e-02 -2.068431472196259890e-01 -1.579750653284931750e-01 -2.041816695896594425e-01 6.704588708885583781e-02 2.811407101194182342e-02 1.128113522424682540e-04
-2.227170157610625922e-01 -7.178630946882612607e-01 -9.899169761233239662e-02 2.295697913948568578e-02 2.531800552009061955e-01 3.635603986963331646e-02 -1.944975635999351138e-01 -1.544446924472370197e-01 -1.936635861266256253e-01 6.235917070470453627e-02 2.726769040210775055e-02 1.500395634198639638e-03
-1.965060625797801497e-01 -8.822120539096034442e-01 -7.904477172370341642e-02 2.036605756326690525e-02 2.458700289196080191e-01 3.698118853406234113e-02 -1.748355422696527550e-01 -1.500556886327031048e-01 -1.771859141931359516e-01 5.498490595707665463e-02 2.600663555011610215e-02 3.944896140338785551e-03
-1.774956459199168168e-01 -1.185547036841379409e+00 -6.404800943405915270e-02 1.844685642528837155e-02 2.409321237728640208e-01 3.548551778794413469e-02 -1.604870659529018251e-01 -1.485847938155505088e-01 -1.654910315531938625e-01 4.962455758183160343e-02 2.577675486846555536e-02 6.018914680836325894e-03
-1.737043761448004986e-01 -1.292705736409797135e+00 -6.113971708121592602e-02 1.805793263575039553e-02 2.397459473062309721e-01 3.437127580776420943e-02 -1.574797980076115544e-01 -1.485435574814521487e-01 -1.630258190087930381e-01 4.852557091592189092e-02 2.590132942563896576e-02 6.449196468650790839e-03
-1.699249295877034993e-01 -1.425712919183789174e+00 -5.842087954827442781e-02 1.773181893614217061e-02 2.384017841425142281e-01 3.345168393170440402e-02 -1.546296094406743038e-01 -1.486267699653626706e-01 -1.607441187742731648e-01 4.750875050413647799e-02 2.589350211869521218e-02 6.888009862567211726e-03
-1.664031920813401066e-01 -1.593292238448050124e+00 -5.549675852537926807e-02 1.735966910103917821e-02 2.372697513982649775e-01 3.247061678907441767e-02 -1.518611527226332580e-01 -1.486776478003088986e-01 -1.586108239473502379e-01 4.648463668689648692e-02 2.593466487223918329e-02 7.372563013624204575e-03
-1.649957753818752371e-01 -1.678726814601963380e+00 -5.418821571345584787e-02 1.719384567595822616e-02 2.369523235247384119e-01 3.197416008215867023e-02 -1.506655943010605236e-01 -1.486857041443875871e-01 -1.576780782020834326e-01 4.604801264776645781e-02 2.605788364608827359e-02 7.576340251481379975e-03
-1.636562906889489077e-01 -1.774366401629933421e+00 -5.300367774516143854e-02 1.703525572368790042e-02 2.366583899028577576e-01 3.145075596620312830e-02 -1.495794127071747859e-01 -1.487964932406931617e-01 -1.567961879919033130e-01 4.566743959681466430e-02 2.616007318451274086e-02 7.735882792384588848e-03
-1.613275484734290610e-01 -1.988587872791647282e+00 -5.075378134832509575e-02 1.675511532382339963e-02 2.361297372904326841e-01 3.050097770315348539e-02 -1.477316329769572389e-01 -1.491689514167928721e-01 -1.553851746918205323e-01 4.502182733600443992e-02 2.632032368460142727e-02 8.076491734294243344e-03
-1.591813005647652601e-01 -2.265719652390271843e+00 -4.862839511417787336e-02 1.652042790539660910e-02 2.359641808199899882e-01 2.951000624108218728e-02 -1.458524687781489748e-01 -1.495704424025690593e-01 -1.540257458784664024e-01 4.435984741051972324e-02 2.657009304697754634e-02 8.469759266722314689e-03
-1.583193633756342644e-01 -2.407212562820530533e+00 -4.783671998200757919e-02 1.641625913815591975e-02 2.358255505314612310e-01 2.892700107462989334e-02 -1.450358408776453167e-01 -1.497169805072087190e-01 -1.534076287594824950e-01 4.407018192828652398e-02 2.669610218541141472e-02 8.614764664716936457e-03
-1.573900410878144029e-01 -2.570594717469656398e+00 -4.696569527707870895e-02 1.630664902980397124e-02 2.355203751013548175e-01 2.849377864983976619e-02 -1.442579632079676322e-01 -1.498756098113882829e-01 -1.528462140555501003e-01 4.378719522747944598e-02 2.673200576279080240e-02 8.777636510246170087e-03
-1.564541499380968370e-01 -2.760192121323287839e+00 -4.602195686914074824e-02 1.618202307440185991e-02 2.352430046103425043e-01 2.810136838248595420e-02 -1.434793684882968712e-01 -1.499937098620136855e-01 -1.522691182058482917e-01 4.350179199172157785e-02 2.679753482431655731e-02 8.935102455204521968e-03
-1.546297602425947271e-01 -3.267268228337796288e+00 -4.398882264818301108e-02 1.590482282574946782e-02 2.349689716590228350e-01 2.703963787713525510e-02 -1.417728513506865684e-01 -1.501151754749857070e-01 -1.509098233636219366e-01 4.290078526115204821e-02 2.724499883389450497e-02 9.217125752353515916e-03
-1.527923261716626624e-01 -4.021078952393843942e+00 -4.200907996665261684e-02 1.561417679294809305e-02 2.348059292048152447e-01 2.631573843272468766e-02 -1.401747988922672772e-01 -1.502897684026731351e-01 -1.495965391361628871e-01 4.235417002577409468e-02 2.760062513950995930e-02 9.459795325449766104e-03
-1.518451564831351797e-01 -4.565663242159686774e+00 -4.107467421361932908e-02 1.546676493933654001e-02 2.345621308905824209e-01 2.580861755463574603e-02 -1.393287313239565395e-01 -1.503478374830953257e-01 -1.489160549112834575e-01 4.205927411768251023e-02 2.771733197198953530e-02 9.593454624786192791e-03
-1.509418480953078900e-01 -5.294023456383164294e+00 -4.012822911006008048e-02 1.533202163594533235e-02 2.343111333624222914e-01 2.524572487708976951e-02 -1.385132333793402393e-01 -1.504211096339300724e-01 -1.482980270106646070e-01 4.175776306617185601e-02 2.785043439769520346e-02 9.751140470640493746e-03
-1.500621830127176481e-01 -6.316842807241468627e+00 -3.917944457364697791e-02 1.519850880732929316e-02 2.341286612252191368e-01 2.478898717929612153e-02 -1.377462401600058339e-01 -1.505353863796152492e-01 -1.477280372746475057e-01 4.146939702139908202e-02 2.796075731555305519e-02 9.911578712835690530e-03
-1.491663213136483201e-01 -7.862031487548621911e+00 -3.811336336812605474e-02 1.505620630343091314e-02 2.340496328316596097e-01 2.435110665453087131e-02 -1.369328875254658962e-01 -1.505991030086928084e-01 -1.471375180576788844e-01 4.116378880875563168e-02 2.812683504028030967e-02 1.009051697822682322e-02
-1.487031533778362669e-01 -8.938344720716298042e+00 -3.754124424365954532e-02 1.498111820604585386e-02 2.340299603475426427e-01 2.421834676960512786e-02 -1.365465293849150996e-01 -1.506379826304992675e-01 -1.468447560621938264e-01 4.102106199766170774e-02 2.823664475376564884e-02 1.016959223471505282e-02
-1.482914367943636846e-01 -1.036173795157972677e+01 -3.707419399936696947e-02 1.491350337217686207e-02 2.339994475378891770e-01 2.402269894562046940e-02 -1.361883115659840160e-01 -1.507241279713497917e-01 -1.465510955491204914e-01 4.089673084292252958e-02 2.834397254922893516e-02 1.022772356333528400e-02
-1.478541868504356094e-01 -1.233096997441669629e+01 -3.661407790430273174e-02 1.484066767447156550e-02 2.338862195579991810e-01 2.372502911271192130e-02 -1.357893855394962102e-01 -1.507507047247362009e-01 -1.462113850382665559e-01 4.075847025439824356e-02 2.842654916805512078e-02 1.028061651085740956e-02
-1.473689824003318327e-01 -1.526108831878082839e+01 -3.614346977610942424e-02 1.476764876114287570e-02 2.336876107855482276e-01 2.347469055975812124e-02 -1.353847192942692623e-01 -1.507768965933256045e-01 -1.458771635935002531e-01 4.061980135279812110e-02 2.846153961419393280e-02 1.033955385147171217e-02
-1.471581026301007067e-01 -1.721590274207300553e+01 -3.594554313949195612e-02 1.473623209407677256e-02 2.336552206945733123e-01 2.338507652334061507e-02 -1.351936752800949881e-01 -1.508097038840439663e-01 -1.457220271723203564e-01 4.055581143665496630e-02 2.849221122972686246e-02 1.036894842474338392e-02
-1.469603085384295349e-01 -1.977060612944621809e+01 -3.573788432044032459e-02 1.470615636379685350e-02 2.336280353822493827e-01 2.330864459790580809e-02 -1.350241286167779553e-01 -1.508584503063767901e-01 -1.455920198665434928e-01 4.049611771481331779e-02 2.852259533345179870e-02 1.040271136715103378e-02
-1.467713134369549310e-01 -2.323789074947599076e+01 -3.554082800583081847e-02 1.468216940765953125e-02 2.335700516447656860e-01 2.321196304553600764e-02 -1.348757406416556115e-01 -1.509325935284096254e-01 -1.454920862029690232e-01 4.044239966162977568e-02 2.853205181772191720e-02 1.044265730353770467e-02
-1.465906391068872161e-01 -2.821758995091583699e+01 -3.533776780834287784e-02 1.465443562114757646e-02 2.335806115432167984e-01 2.309666791229530308e-02 -1.347081216879842114e-01 -1.509879691313752437e-01 -1.453684750045050600e-01 4.038442093077436457e-02 2.855702571523142247e-02 1.047829418904018366e-02
-1.464734792112914463e-01 -3.185845892479758135e+01 -3.521118943559236464e-02 1.463407698661788568e-02 2.335749260148251572e-01 2.304360085540624672e-02 -1.345998732038085344e-01 -1.509922366696347662e-01 -1.452773806609928553e-01 4.034776678264556660e-02 2.857298153795806081e-02 1.049323207047726109e-02
-1.463397443284971677e-01 -3.662071267423640819e+01 -3.506327345309159793e-02 1.461057290855464000e-02 2.335310490912826942e-01 2.299289693715916155e-02 -1.344868825031424464e-01 -1.509874133536625029e-01 -1.451836628444065358e-01 4.030803847345557772e-02 2.857994184006165325e-02 1.050991198987316633e-02
-1.462098411959173727e-01 -4.311389393948675064e+01 -3.491883589657942405e-02 1.458867289184608354e-02 2.334900025522766154e-01 2.294767204777300312e-02 -1.343806944317186280e-01 -1.509903211877509643e-01 -1.451014002319553908e-01 4.026926032117551790e-02 2.858144786261608908e-02 1.052946672012530956e-02
-1.460822066395219831e-01 -5.251959654053240456e+01 -3.480739845070111860e-02 1.456960516286065661e-02 2.334324166515503729e-01 2.290453101620876231e-02 -1.342811036962738014e-01 -1.509967721834128418e-01 -1.450215056496480248e-01 4.023240622710724801e-02 2.856957610151740143e-02 1.054559663934108611e-02
-1.460223468172433536e-01 -5.913746663139266957e+01 -3.474907578127543056e-02 1.455979474745668772e-02 2.334147165699116677e-01 2.288438411841041062e-02 -1.342371078898993708e-01 -1.510071583708688936e-01 -1.449864435962330000e-01 4.021637733705265422e-02 2.856389545652253392e-02 1.055314730671204869e-02
-1.459609253530782247e-01 -6.779609486647497363e+01 -3.468129602228731123e-02 1.454974297392935996e-02 2.334087854818096830e-01 2.288556820344865572e-02 -1.341991904830154569e-01 -1.510261960729034625e-01 -1.449585937172844508e-01 4.020279248188208393e-02 2.855575788823642644e-02 1.056181944026885443e-02
-1.458930561862066821e-01 -7.963486921078987280e+01 -3.460601153721386963e-02 1.453870391225495391e-02 2.334009806302423662e-01 2.289481481213431063e-02 -1.341560736396623377e-01 -1.510423451019242136e-01 -1.449273733063141667e-01 4.018680839485496564e-02 2.854372510835404345e-02 1.057178775352539402e-02
-1.458239639174817859e-01 -9.698962560791819953e+01 -3.454598706166155109e-02 1.452925188771291357e-02 2.333800405561742008e-01 2.289420783728904688e-02 -1.341084336970973512e-01 -1.510553043436389520e-01 -1.448919698997145900e-01 4.016926747084810512e-02 2.852501232275913082e-02 1.058172641292439743e-02
