-2.802254633720483223e+00 -4.860534484995624460e+00 -1.037514115014690397e+01 1.077060595672868937e+00 -3.227274359109003399e+00 -2.498951742886152516e+00 -2.859745506258365655e+00
7.582874487281969778e+00 3.427390618429115854e+00 3.151790764774351050e+00 1.046468363689773362e+00 6.026312612359290277e-01 3.199020648459188210e-01 1.461041686565553999e-01
7.596298735911077848e+00 3.453643715866399511e+00 3.165001363573209936e+00 1.042125123512587459e+00 6.045263028784549908e-01 3.227148624066014659e-01 1.472532334141277710e-01
7.630159131215958901e+00 3.524361953927744651e+00 3.191348095754458658e+00 1.031741165814378913e+00 6.091559931023955432e-01 3.296829406178672928e-01 1.500582408466230311e-01
7.665172769238265182e+00 3.600914454829960754e+00 3.211257449402645570e+00 1.021845243776033696e+00 6.137526123627143892e-01 3.366764722716964475e-01 1.528323581201145309e-01
7.765494870417371409e+00 3.820055697010447116e+00 3.248366128905988415e+00 9.973790468124497099e-01 6.259537948393512075e-01 3.555243076163437377e-01 1.601592794927230445e-01
7.874170936553706035e+00 4.041522420136700156e+00 3.274445027695281674e+00 9.760989873716851006e-01 6.377698066179853242e-01 3.740733098673791890e-01 1.672413725737013079e-01
7.991170034335510763e+00 4.257642795232061239e+00 3.295618182169765653e+00 9.578357919721659508e-01 6.491005981228822330e-01 3.921782848144598210e-01 1.740881198616629766e-01
8.197775817996841852e+00 4.589034661606319787e+00 3.324186493922529184e+00 9.344204170426210210e-01 6.660934880567225269e-01 4.203121778192976388e-01 1.846866285824806386e-01
8.425807536801800168e+00 4.895219880472183149e+00 3.348267941528881408e+00 9.183153910840549106e-01 6.810525116353197683e-01 4.468846962723503347e-01 1.947590162786946855e-01
8.672296115955251850e+00 5.173253340969437453e+00 3.369010793532858816e+00 9.095171093666268858e-01 6.936947247367041269e-01 4.715162363628078168e-01 2.043453698676362951e-01
9.080756906386415750e+00 5.549242909509889188e+00 3.395697401856824893e+00 9.089388422682028734e-01 7.088807290934719951e-01 5.049784964684388422e-01 2.181887361108268697e-01
9.782971139612866907e+00 6.043576010382988528e+00 3.428539251220242168e+00 9.322748679978213326e-01 7.295753873166787029e-01 5.452986788047879951e-01 2.385045662082396212e-01
1.051789887850248029e+01 6.450039928941524892e+00 3.453092840991123680e+00 9.715647041369360748e-01 7.581411996540371456e-01 5.689640623815569453e-01 2.574366864371635533e-01
1.122692801617010616e+01 6.795033550049537574e+00 3.471510017811125781e+00 1.016329397780032284e+00 7.975538083370169451e-01 5.809696231716389159e-01 2.755521691367305848e-01
1.190925880015715954e+01 7.109735661729104095e+00 3.486461039356127500e+00 1.061870911393422157e+00 8.430657238067457149e-01 5.896075909985122321e-01 2.921032181045485898e-01
1.282139800397570362e+01 7.569122120606716742e+00 3.504309978451740193e+00 1.132868320501812187e+00 9.196417221150162691e-01 6.080774657478831280e-01 3.141660127370733968e-01
1.345285058920110011e+01 8.002171502339194831e+00 3.517581837514327958e+00 1.201901892513993042e+00 9.921407902154486536e-01 6.384604038139471971e-01 3.259911550372233680e-01
1.372577190048933637e+01 8.422841054105465020e+00 3.526762205484424761e+00 1.273066499138138408e+00 1.054298405511852721e+00 6.797433460404044281e-01 3.249136428698720103e-01
1.358843995109573477e+01 8.835530675656343647e+00 3.531670377127297922e+00 1.349971737183954357e+00 1.101926579768922165e+00 7.263254455248081554e-01 3.098056467432046546e-01
1.327802944119815187e+01 9.113091440569462520e+00 3.530016822355236616e+00 1.406728058258848169e+00 1.126093215463789043e+00 7.583559024978209218e-01 2.892398135527864400e-01
1.288538211464410388e+01 9.373363374588398855e+00 3.520391122994488420e+00 1.465118921798531204e+00 1.142476820142938054e+00 7.863227249436263167e-01 2.543342398511802549e-01
1.280488164686887664e+01 9.438707691902369135e+00 3.517788732524175455e+00 1.480022224532703268e+00 1.145897318035137280e+00 7.926551122700304930e-01 2.418498420407828309e-01
1.274119125055545609e+01 9.503907213846247259e+00 3.513998848073878190e+00 1.494739043847596927e+00 1.148872379810103261e+00 7.983812154723908261e-01 2.273689303314135046e-01
1.270324457826911413e+01 9.627681181292022217e+00 3.507459928131773541e+00 1.519774264952556742e+00 1.154133996348438274e+00 8.075508742045579558e-01 1.965413797810379448e-01
1.281871210615844525e+01 9.794455455132526467e+00 3.504850945930541251e+00 1.544418249850805003e+00 1.161541914595435099e+00 8.170027636328447418e-01 1.563876678262245412e-01
1.300734422789331823e+01 9.933993726142269054e+00 3.509313619188834110e+00 1.558705146361007099e+00 1.168454055645679723e+00 8.236920477663667306e-01 1.280654459453892946e-01
1.333565093699719029e+01 1.011913704609937881e+01 3.521651569972365614e+00 1.572631025954896566e+00 1.178223360916701656e+00 8.316786845462319500e-01 9.701446253550530252e-02
1.366396210371431508e+01 1.027158621188757515e+01 3.537294660745624153e+00 1.581575865213541876e+00 1.186675155157492334e+00 8.378193732748895339e-01 7.597551499186352975e-02
1.411888864556161494e+01 1.045086821130512789e+01 3.561060736045414732e+00 1.590219748017996038e+00 1.196563784949320031e+00 8.443163596467554433e-01 5.523083384354577491e-02
1.449286512271766725e+01 1.057870173537296488e+01 3.582423814108232296e+00 1.595562434668048368e+00 1.203388563453432258e+00 8.484887770975146903e-01 4.276222312855346153e-02
1.495204958661419603e+01 1.071798369937124917e+01 3.609668653406402861e+00 1.600697881142802537e+00 1.210114667685063372e+00 8.522996115569642095e-01 3.101292389834039986e-02
1.528277378875427850e+01 1.080904835405504016e+01 3.630472881657921924e+00 1.603795856126422725e+00 1.213981825790049873e+00 8.544037137353014399e-01 2.430863053160726289e-02
1.565914574931908554e+01 1.090490748463680681e+01 3.654747608287849836e+00 1.606796064591210937e+00 1.217329368931831191e+00 8.561077379578613256e-01 1.793871003666214214e-02
1.576487365587266076e+01 1.093067137219046536e+01 3.661995652838942128e+00 1.607604283548864643e+00 1.218135008877867076e+00 8.565353291520932943e-01 1.636234338895113660e-02
1.587305716195117178e+01 1.095638740609853023e+01 3.669297443819459215e+00 1.608370939045357106e+00 1.218847333328145766e+00 8.568846799591456342e-01 1.481590987569421022e-02
1.607598214974822071e+01 1.100322496124230831e+01 3.683174391760046795e+00 1.609734584245280820e+00 1.219969786208051410e+00 8.574154536258650205e-01 1.210174137963767986e-02
1.629914637678838574e+01 1.105267995971606432e+01 3.698817719412956784e+00 1.611152172870338850e+00 1.220948179461086580e+00 8.578603087966043539e-01 9.377633064345039515e-03
1.636105957889342832e+01 1.106608617998565869e+01 3.703359256989622317e+00 1.611553949210712489e+00 1.221207589009662975e+00 8.579925979568571170e-01 8.673359866180035960e-03
1.642488810742807104e+01 1.107969370978758228e+01 3.708019860783042354e+00 1.611955619943884477e+00 1.221454088518610259e+00 8.581109326502128765e-01 7.964314397864514020e-03
1.649206872627978981e+01 1.109382881634569706e+01 3.712983487218746603e+00 1.612378809641336286e+00 1.221708470351152487e+00 8.582353919586261926e-01 7.240241351704169818e-03
1.656480572987511835e+01 1.110890931869710840e+01 3.718461493447014377e+00 1.612844494003710993e+00 1.221996462478215362e+00 8.583829913361116226e-01 6.485141667673214282e-03
1.664662680326200928e+01 1.112559079949303253e+01 3.724781651181155784e+00 1.613385505941181464e+00 1.222355609363056095e+00 8.585775473464832830e-01 5.674144755020846080e-03
1.670117534016971561e+01 1.113656277152781371e+01 3.729143772224481790e+00 1.613769199008956656e+00 1.222641736590453387e+00 8.587415601879677673e-01 5.160842035998839013e-03
1.676794953044539582e+01 1.114987646265199395e+01 3.734643959713783268e+00 1.614282133190846569e+00 1.223067294373647140e+00 8.589887386012894366e-01 4.565370623732278518e-03
1.681532591186338621e+01 1.115969159930037335e+01 3.738798589384894289e+00 1.614780605849364337e+00 1.223487398716839758e+00 8.592519832965739290e-01 4.175527137664653173e-03
1.686691290639950935e+01 1.117081707925627398e+01 3.743447333858868298e+00 1.615461082461734366e+00 1.224048239162284668e+00 8.596059540310238001e-01 3.776155484815395518e-03
1.692281429364025058e+01 1.118350135790163513e+01 3.748630089995441228e+00 1.616378575510820204e+00 1.224792125471120707e+00 8.600750328339932249e-01 3.372791865670223856e-03
