-2.826236851514186910e+00 -4.732971398863554668e+00 -1.002108026421357678e+01 1.249431696812028703e+00 -3.256901619240255563e+00 4.269187462625322754e-02 -2.582180312592209148e+00 -2.770328045868454492e+00
-2.826190906072741260e+00 -4.732998023558701028e+00 -1.002131762795823811e+01 1.249468466643622655e+00 -3.256898152631167775e+00 4.275337288062399516e-02 -2.582154023775629970e+00 -2.770347264749265737e+00
-2.826145096527304723e+00 -4.733024305389971431e+00 -1.002155404956281970e+01 1.249505153073488417e+00 -3.256894733789678309e+00 4.281460694140238471e-02 -2.582128192939556310e+00 -2.770366355582715379e+00
-2.826048568833305019e+00 -4.733079700432259784e+00 -1.002205228164702788e+01 1.249582484520462611e+00 -3.256887528969867329e+00 4.294366334473709301e-02 -2.582073756230086392e+00 -2.770406581469920582e+00
-2.825952050330884813e+00 -4.733135104139767790e+00 -1.002255052420344583e+01 1.249659836612933006e+00 -3.256880324007651595e+00 4.307273470285364475e-02 -2.582019318832133870e+00 -2.770446801974131734e+00
-2.824987734514166959e+00 -4.733689852895722083e+00 -1.002753399436398141e+01 1.250435459199955801e+00 -3.256808270541351469e+00 4.436495399996934208e-02 -2.581474931328117783e+00 -2.770848455841909974e+00
-2.818685695953078607e+00 -4.737376851411013945e+00 -1.006034434019407442e+01 1.255625643464203023e+00 -3.256333730246441682e+00 5.292773258832318695e-02 -2.577890325311592346e+00 -2.773466619361789398e+00
-2.803437348005912710e+00 -4.746706332104759340e+00 -1.014118591869184627e+01 1.268973668484322692e+00 -3.255161105395808718e+00 7.442505972309113038e-02 -2.569029835066755751e+00 -2.779769087018876483e+00
-2.767509584455289051e+00 -4.769943143539210340e+00 -1.033594119824546098e+01 1.302800642319723590e+00 -3.252321098706614233e+00 1.274503292422810852e-01 -2.547552983357951550e+00 -2.794547351136745572e+00
-2.733553383030977280e+00 -4.794403598668470323e+00 -1.052864330847997110e+01 1.339744972484638641e+00 -3.249474488285745810e+00 1.825835673316325014e-01 -2.526045586889590577e+00 -2.808414744723994882e+00
-2.675591881896081770e+00 -4.843296102883336118e+00 -1.087813330622612007e+01 1.417295038736041457e+00 -3.244161254577627052e+00 2.914007448853294657e-01 -2.485871065760743903e+00 -2.831931978192149035e+00
-2.625505567476965396e+00 -4.895353785512009281e+00 -1.120423317837319743e+01 1.504951253072787098e+00 -3.238978170576456872e+00 4.064055669950932259e-01 -2.446305112815156502e+00 -2.852137095132382782e+00
-2.582962810048223812e+00 -4.949469891538925026e+00 -1.150254240649829818e+01 1.603529565744791885e+00 -3.233967310497753544e+00 5.287744384334114311e-01 -2.407648468456913715e+00 -2.869404332718548112e+00
-2.547089709619554831e+00 -5.004986794716540288e+00 -1.177191331408952379e+01 1.716211089064128226e+00 -3.229147915991088524e+00 6.621674399507539999e-01 -2.370128606524231518e+00 -2.884181403884197969e+00
-2.517008955449290930e+00 -5.061699901250952927e+00 -1.201308374528001188e+01 1.850082799480426088e+00 -3.224556678305591007e+00 8.139999344782661295e-01 -2.333689102178055919e+00 -2.896792180303901176e+00
-2.510335336568641829e+00 -5.076111655713102522e+00 -1.206902663170150625e+01 1.888054968357075536e+00 -3.223444718800195563e+00 8.560838521221973973e-01 -2.324687355106095588e+00 -2.899649256058417723e+00
-2.504005147760183903e+00 -5.090603947005574170e+00 -1.212309907354593719e+01 1.928705107785930517e+00 -3.222346247046072865e+00 9.007129576850125829e-01 -2.315728409394831822e+00 -2.902404159318104693e+00
-2.494579976299585056e+00 -5.114076539575062696e+00 -1.220576389189729127e+01 2.001551899054799133e+00 -3.220604858918362012e+00 9.796857257857480850e-01 -2.301398432233609181e+00 -2.906625477704636751e+00
-2.486222722370870386e+00 -5.137730564387378962e+00 -1.228206532315169497e+01 2.087162799756243636e+00 -3.218892033839300115e+00 1.071100958092398692e+00 -2.287158638578945080e+00 -2.910598527365245047e+00
-2.482368607808723482e+00 -5.150059404268917618e+00 -1.231871738632293578e+01 2.138867571301988235e+00 -3.218012294880177482e+00 1.125690648886055634e+00 -2.279806502494353015e+00 -2.912561972137686972e+00
-2.478944603206315822e+00 -5.162395932278842636e+00 -1.235263204341363519e+01 2.198015709309821375e+00 -3.217142598233654116e+00 1.187613911527781285e+00 -2.272491900337994419e+00 -2.914441761657117436e+00
-2.476074942973315540e+00 -5.174710334943530832e+00 -1.238294749158253438e+01 2.267987602839282246e+00 -3.216285309889425736e+00 1.260230749931644079e+00 -2.265214667361154177e+00 -2.916223005019522141e+00
-2.474961846984953251e+00 -5.180512993346173545e+00 -1.239569324835670905e+01 2.306379383910855285e+00 -3.215884410181062414e+00 1.299821640692803371e+00 -2.261786047690699686e+00 -2.917026524420718303e+00
-2.474064208653463215e+00 -5.186277122292411335e+00 -1.240701580870859289e+01 2.349724531119802506e+00 -3.215487574248456326e+00 1.344322897144500706e+00 -2.258373745983056402e+00 -2.917797872121986380e+00
-2.473444411902726348e+00 -5.191992097157952735e+00 -1.241649400239894696e+01 2.399818363973584390e+00 -3.215096414836472682e+00 1.395517915411517373e+00 -2.254977456938760394e+00 -2.918528145977415278e+00
-2.473210171543930080e+00 -5.197625767543742725e+00 -1.242340663938706591e+01 2.459847192133133742e+00 -3.214714102279004670e+00 1.456570940331619823e+00 -2.251603621666581123e+00 -2.919201341723768550e+00
-2.473263997302507899e+00 -5.199972677496289108e+00 -1.242531168571820466e+01 2.489329958971368217e+00 -3.214556105942896647e+00 1.486456327443896219e+00 -2.250186028283460260e+00 -2.919463503652113712e+00
-2.473443684953761323e+00 -5.202289003743707063e+00 -1.242637793961952575e+01 2.522324258218936688e+00 -3.214401475764026905e+00 1.519827487316636416e+00 -2.248775601231893795e+00 -2.919706756206440268e+00
-2.473781507132271074e+00 -5.204564481092493367e+00 -1.242639045872740944e+01 2.559867071314965603e+00 -3.214251609333307336e+00 1.557713337507618645e+00 -2.247374498116107677e+00 -2.919925400508063706e+00
-2.474328160146849864e+00 -5.206783783058766879e+00 -1.242501243811602585e+01 2.603629939980011354e+00 -3.214108964624912801e+00 1.601772078984934344e+00 -2.245986145726888594e+00 -2.920110029684171771e+00
-2.475165012246162366e+00 -5.208921488019802482e+00 -1.242170260869211873e+01 2.656394748999054034e+00 -3.213978208344090426e+00 1.654762042130053290e+00 -2.244616233877198663e+00 -2.920244245887956946e+00
-2.475668321032162833e+00 -5.209853075796242905e+00 -1.241937600277901410e+01 2.684263084943556699e+00 -3.213924795139269097e+00 1.682700084464450851e+00 -2.244004304732138966e+00 -2.920282227991302992e+00
-2.476275550055549335e+00 -5.210754043828978332e+00 -1.241635835643010033e+01 2.715583089425738894e+00 -3.213877000420469976e+00 1.714060669816156235e+00 -2.243399326407335970e+00 -2.920299826222138684e+00
-2.477008558395500160e+00 -5.211617266993818554e+00 -1.241250440203071825e+01 2.751219810068262550e+00 -3.213836997311835475e+00 1.749699896198589677e+00 -2.242803036956696250e+00 -2.920291015256551770e+00
-2.477895094300224255e+00 -5.212433095217233081e+00 -1.240762971656855029e+01 2.792350502641890220e+00 -3.213808204261010104e+00 1.790781779468567647e+00 -2.242218030518012384e+00 -2.920246984768034793e+00
-2.478965361878576967e+00 -5.213190304977146639e+00 -1.240153327197099919e+01 2.840439045517745509e+00 -3.213795741508088888e+00 1.838751779969826972e+00 -2.241647612118035315e+00 -2.920155670037757112e+00
-2.480242345784309688e+00 -5.213879090651459158e+00 -1.239406157312374823e+01 2.897038216070237926e+00 -3.213806630666534936e+00 1.895139738232295867e+00 -2.241095149945684373e+00 -2.920002377292767015e+00
-2.481724153853634984e+00 -5.214496174353083546e+00 -1.238522581258857258e+01 2.963290953724245114e+00 -3.213848559489802970e+00 1.961066901130834150e+00 -2.240563053532832694e+00 -2.919773759761351783e+00
-2.483371467510146147e+00 -5.215049590263867607e+00 -1.237528584308657820e+01 3.039440033443825406e+00 -3.213926464060907762e+00 2.036766887667107895e+00 -2.240051137910367363e+00 -2.919465058467457297e+00
-2.485120793628118996e+00 -5.215557559546723176e+00 -1.236466400099257257e+01 3.125097677045041156e+00 -3.214039518944321827e+00 2.121862213640241634e+00 -2.239555546950592113e+00 -2.919084058353982325e+00
-2.486914389233715550e+00 -5.216039634615295739e+00 -1.235374729242364289e+01 3.220243591216735091e+00 -3.214181713986186573e+00 2.216356928056116171e+00 -2.239070603774200308e+00 -2.918647072658813624e+00
-2.488717311882652883e+00 -5.216509769327569934e+00 -1.234277335224038374e+01 3.326030220691261530e+00 -3.214344890240009800e+00 2.321431024649150743e+00 -2.238591130018319220e+00 -2.918171861761458707e+00
-2.490515746725599833e+00 -5.216975945344703547e+00 -1.233183975514022102e+01 3.445075486330704706e+00 -3.214521475349895407e+00 2.439725650957569325e+00 -2.238113036608304629e+00 -2.917673040374694438e+00
-2.492307382345058109e+00 -5.217441963277503980e+00 -1.232096648513492276e+01 3.581632001074880556e+00 -3.214705904369442813e+00 2.575509514507450248e+00 -2.237633574346833409e+00 -2.917160571194733709e+00
-2.494093510153127191e+00 -5.217909416945670564e+00 -1.231014794757174435e+01 3.742194094037692320e+00 -3.214894812001948932e+00 2.735286326222380549e+00 -2.237151162873095789e+00 -2.916640193584406404e+00
-2.495025989265083233e+00 -5.218154696777802748e+00 -1.230450874065315681e+01 3.838554557355729813e+00 -3.214994837260451988e+00 2.831232576576898197e+00 -2.236897368388965468e+00 -2.916365811365081662e+00
-2.495957295313788293e+00 -5.218400556241181931e+00 -1.229888276504786937e+01 3.946214322811429032e+00 -3.215095520443883803e+00 2.938476255653441616e+00 -2.236642479990826438e+00 -2.916090236069796227e+00
-2.496887468927306841e+00 -5.218646945964329653e+00 -1.229326975803081545e+01 4.068042448912438935e+00 -3.215196816742687425e+00 3.059886540901937124e+00 -2.236386505089565269e+00 -2.915813539327768655e+00
-2.497816495314291174e+00 -5.218893813110298652e+00 -1.228766980270160403e+01 4.208283249107972246e+00 -3.215298717469009748e+00 3.199707771611036033e+00 -2.236129443826938790e+00 -2.915535738320636838e+00
-2.498744287034422307e+00 -5.219141295196453534e+00 -1.228208346230093717e+01 4.373492064499285625e+00 -3.215401231469006582e+00 3.364495270137128013e+00 -2.235871218793468174e+00 -2.915256819646034003e+00
-2.499206972469440569e+00 -5.219265096189909414e+00 -1.227929990264451554e+01 4.468013504704811290e+00 -3.215452647122436503e+00 3.458805704553805427e+00 -2.235741851601142027e+00 -2.915117146341509091e+00
