6.630428326242788772e-01 -1.814796427685172464e-02 1.083031494769774727e-01 -5.047630455148717221e-01 -4.993143740229148420e-01 3.319829862386521058e-02 2.076356858940265893e-01
6.620285401588055230e-01 -1.817227404860311327e-02 1.113226401852263348e-01 -5.045325714920745330e-01 -4.992489298618681959e-01 3.317801882367345939e-02 2.077271003469961241e-01
6.466163661036494759e-01 -1.869080957588595618e-02 1.570856648503637376e-01 -5.010865909849546718e-01 -4.981914437970919596e-01 3.295249426718505070e-02 2.090577516322363327e-01
6.100815917685998846e-01 -2.025173784110947603e-02 2.652587297758627893e-01 -4.930170226243639209e-01 -4.955162233108327818e-01 3.260340775422203297e-02 2.120816130895937790e-01
5.759672356991650810e-01 -2.226725842393682472e-02 3.656576355960218239e-01 -4.855938073371518504e-01 -4.927075256576605722e-01 3.258249057624166417e-02 2.146974139173019602e-01
4.950899268544095011e-01 -2.810424475659087720e-02 6.009481986023007538e-01 -4.674100980269366712e-01 -4.849329831867079110e-01 3.300066395768052468e-02 2.206127261523707639e-01
4.285278076502762046e-01 -3.342760611225446821e-02 7.907810784523031655e-01 -4.508056416069111672e-01 -4.771981701483091753e-01 3.339803223910586122e-02 2.255933089928874036e-01
3.734749893471042692e-01 -3.781318918270647200e-02 9.443054149912162298e-01 -4.348438157790900371e-01 -4.697448593949860585e-01 3.345209764855167772e-02 2.302727982512023097e-01
3.033551351461932222e-01 -4.319316529346641648e-02 1.133348315403004181e+00 -4.093970855493228034e-01 -4.584747822536555106e-01 3.281967459544149479e-02 2.378963757226053022e-01
2.499351638586162216e-01 -4.730449893261928773e-02 1.270514184392680601e+00 -3.836273933318973262e-01 -4.482036629340056533e-01 3.159173465469169301e-02 2.461289335246142351e-01
2.083963795968646893e-01 -5.109163296995191533e-02 1.371386756803987694e+00 -3.570838346725927481e-01 -4.389229289912890408e-01 3.021697091763378765e-02 2.552789911133588330e-01
1.608911596572981106e-01 -5.760726587843595370e-02 1.477756537573815088e+00 -3.144951776664218213e-01 -4.266625354921917967e-01 2.843842416262177403e-02 2.713733722106078661e-01
1.107077666735747229e-01 -7.266396220298622366e-02 1.572238715705481349e+00 -2.417414825037399739e-01 -4.115636826943723237e-01 2.793186985758233654e-02 3.021741642912260661e-01
8.007927021220212493e-02 -9.547114108555670997e-02 1.606568478345965501e+00 -1.631785686878118036e-01 -4.012135943845591690e-01 3.190993933034288327e-02 3.386352822895684067e-01
6.127729494104524471e-02 -1.256098994026266513e-01 1.603135623407865085e+00 -8.035407258873755731e-02 -3.949769381655476308e-01 4.076569820330112198e-02 3.794852124264549986e-01
4.988928145832879912e-02 -1.600563474149466758e-01 1.577322723974526664e+00 5.748974881187156674e-03 -3.923481845437492566e-01 5.357782990544385920e-02 4.239468248698626263e-01
4.220755968620183013e-02 -2.146678037599442646e-01 1.514339141982532944e+00 1.527972916501969813e-01 -3.948879455868592459e-01 7.812445813871712885e-02 5.044498824998799869e-01
4.008222423345481067e-02 -2.560048366214977000e-01 1.476976491373792832e+00 3.259705162691458602e-01 -4.075597376643524394e-01 1.001376254613771111e-01 6.078453776756228555e-01
4.052158605741632003e-02 -2.794237321656147244e-01 1.507140762968210757e+00 5.596835460610988244e-01 -4.352378683602442511e-01 1.157687744025600179e-01 7.612507990525411161e-01
4.160040938546256256e-02 -2.838429343806987415e-01 1.670402826260406037e+00 9.268624140516280585e-01 -4.879601776357992970e-01 1.233122837274428923e-01 1.025136643218655275e+00
4.147812588205698758e-02 -2.741426505302450023e-01 1.944084458136812188e+00 1.353351182067931813e+00 -5.507358909264504776e-01 1.226932782099226099e-01 1.353259041212049540e+00
3.770654372464728871e-02 -2.491222312397808059e-01 2.542605629035946002e+00 2.128143786152689287e+00 -6.568364041169870715e-01 1.148037223748309132e-01 1.983734318122700513e+00
3.541897115644156852e-02 -2.394080155688805833e-01 2.791934479067529562e+00 2.427650836277776225e+00 -6.948491954228164236e-01 1.111668625547790751e-01 2.234813824731606946e+00
3.204117231851643516e-02 -2.276894598754385379e-01 3.114237593933715242e+00 2.803498196122507391e+00 -7.401087120856889578e-01 1.065516443925990930e-01 2.554411581991785862e+00
2.202218926592409629e-02 -2.015498057889815176e-01 3.938647190553556943e+00 3.729389764112908345e+00 -8.414315225660445874e-01 9.566933794805100588e-02 3.358192631258598571e+00
1.121160587693558267e-03 -1.642979768889264724e-01 5.440295813390331858e+00 5.345275687470279813e+00 -9.908610223285013729e-01 7.928102936755063168e-02 4.799799983055925701e+00
-2.180407024864490506e-02 -1.348611781647060526e-01 6.992601457061388359e+00 6.968355904758094077e+00 -1.116080034071454508e+00 6.586110956990225140e-02 6.279902586233234274e+00
-6.147347110231688588e-02 -9.772153170644622133e-02 9.668979134025011746e+00 9.709635026507257294e+00 -1.287690663109662292e+00 4.855304385269313544e-02 8.827906513146162482e+00
-1.038930576632659808e-01 -6.881531982978619788e-02 1.264401547316812646e+01 1.271269267664524705e+01 -1.436414650643137003e+00 3.488449355096638616e-02 1.166505739372469286e+01
-1.705307510721788544e-01 -3.701585185327591759e-02 1.776670119416775506e+01 1.783178399549503723e+01 -1.627142276952407984e+00 1.978233823161373514e-02 1.657278156585057971e+01
-2.322374148330947630e-01 -1.729590233664378765e-02 2.317431921173933063e+01 2.320392828480668612e+01 -1.773248480883679257e+00 1.049359947927990151e-02 2.178377041580535334e+01
-3.194435100420785489e-01 -4.056248203896295392e-04 3.236739517633409235e+01 3.231220144903552693e+01 -1.945110484892060398e+00 2.847565664873520641e-03 3.070316919865382488e+01
-3.908430756505970605e-01 6.513567136739571543e-03 4.165844820793733305e+01 4.151247378307544267e+01 -2.063601167355937793e+00 1.476340944146523147e-04 3.977366614501995201e+01
-4.871661639737544514e-01 8.900229259697342576e-03 5.753070545610329845e+01 5.724061514192376166e+01 -2.199897671246467734e+00 2.622611588636468080e-04 5.535317116751397037e+01
-5.174596291000451709e-01 8.460756318864190093e-03 6.338692690558136889e+01 6.304768800782277083e+01 -2.238464565857840149e+00 9.772085895855082624e-04 6.111835773876448741e+01
-5.518370683791664622e-01 7.435006940339558036e-03 7.056483294387943772e+01 7.016802241711263832e+01 -2.280150489430286420e+00 2.110643646788240308e-03 6.819354009770489711e+01
-6.284569878324647307e-01 3.733438559734028606e-03 8.844396740521297318e+01 8.791359712063555776e+01 -2.366845114447279297e+00 5.582435618457168465e-03 8.584572187102325813e+01
-7.475061297867443555e-01 -4.083897504770245962e-03 1.199166688467907278e+02 1.191698143507008609e+02 -2.490490656962867089e+00 1.265753722838794219e-02 1.169703434855278203e+02
-7.912320133829301438e-01 -7.166253007450410981e-03 1.320573943893224964e+02 1.312296965403449462e+02 -2.534135239190665967e+00 1.552753965736644419e-02 1.289842603672204007e+02
-8.467556112807109736e-01 -1.103471524864130769e-02 1.475872236031372609e+02 1.466565862204792836e+02 -2.589009794629340444e+00 1.926514576304946130e-02 1.443537712075884940e+02
-9.220856773048936583e-01 -1.598245591469434068e-02 1.685369354042785801e+02 1.674669975174560079e+02 -2.663439403027710206e+00 2.436212646975264434e-02 1.650870970734862624e+02
-1.036837729127064733e+00 -2.241913356104038510e-02 1.996290327176632218e+02 1.983496196375081979e+02 -2.778756970362012968e+00 3.190317229696289919e-02 1.958520227316963656e+02
-1.255741924051331004e+00 -3.059116540154940139e-02 2.557327577672717780e+02 2.540679759915696252e+02 -3.009195926123802156e+00 4.517682849520185395e-02 2.513424558511220255e+02
-1.505701007621690790e+00 -3.847374105872341382e-02 3.166228299681871476e+02 3.145371394622549133e+02 -3.280196269697841949e+00 6.124425776111091374e-02 3.115615713928917785e+02
-1.942133975575369265e+00 -1.022486452440465043e-01 4.206682088074797434e+02 4.178554376925815177e+02 -3.690031207257299606e+00 1.211831108175837474e-01 4.146340630922739479e+02
-2.249710725857604565e+00 -2.427078781394833296e-01 4.945968243787118581e+02 4.912511198131380752e+02 -3.864279431057613845e+00 2.190003630571522308e-01 4.881847081471643719e+02
-2.487827438954979264e+00 -4.949657456781326736e-01 5.542071913530501206e+02 5.504138005734095032e+02 -3.848812340684937716e+00 3.754398409382036506e-01 5.479949842552928203e+02
-2.649914904306550412e+00 -7.875880953843050758e-01 5.986977077911019478e+02 5.945716565695115605e+02 -3.719323738571033378e+00 5.499731863145332911e-01 5.931663516402679761e+02
