-3.628249701227398649e+00 -4.788424972848839722e+00 -8.485493897336096936e+00 -3.012375040243478352e+00 -4.024761507983311226e+00 -4.160625968769234184e+00 -1.267086506283354730e+00 -4.257164972365679922e+00 -2.586043248594967370e+00 -3.725989464490043535e+00 -2.541766499572632121e+00 -2.680173196310660977e+00
8.383248634994584947e+00 3.837962270305030898e+00 2.290667234434799582e+00 1.088034985270276866e+00 6.178493208901403300e-01 5.754199797039959430e-01 3.340402702074313224e-01 1.822689815034128913e-01 7.295842209160956215e-02 6.435333897063716391e-02 3.149063459094691292e-02 1.957673948677635112e-02
8.383290224642191646e+00 3.838148944999546064e+00 2.290847854579833864e+00 1.087836673349810379e+00 6.178692364362041722e-01 5.754171338420267512e-01 3.340323355753354595e-01 1.822497154470378022e-01 7.296070040590327266e-02 6.435065970075684594e-02 3.148840591554875196e-02 1.958786580130043170e-02
8.383704789384745837e+00 3.840009397880776554e+00 2.292660009130393917e+00 1.085860201953384729e+00 6.180698526820381788e-01 5.753860741955254543e-01 3.339532509479448685e-01 1.820587776491235654e-01 7.298451807271968961e-02 6.432362874136765551e-02 3.146659397142034797e-02 1.969900985674052571e-02
8.385099618814816580e+00 3.846016496275265872e+00 2.298405596039446497e+00 1.079545454559967865e+00 6.186750813948121985e-01 5.752059384324111901e-01 3.336711043727119130e-01 1.814218290333458328e-01 7.308301523701098146e-02 6.423994416106518224e-02 3.140259414807367727e-02 2.004695054780413280e-02
8.387219419380729235e+00 3.855295178383607357e+00 2.307923021976503009e+00 1.069737846599264630e+00 6.197326726978495959e-01 5.748367775409609637e-01 3.332563412890666710e-01 1.804764973800717653e-01 7.329360899158220144e-02 6.409430683172183396e-02 3.132810944237737066e-02 2.057233931716595174e-02
8.391393815972042702e+00 3.871542967155850778e+00 2.324241131898769908e+00 1.053152653803078875e+00 6.213451482921056312e-01 5.735844952236667238e-01 3.323686593477965245e-01 1.787410984945163872e-01 7.387287347071938570e-02 6.387206364145092685e-02 3.134816559401244762e-02 2.130252088046404382e-02
8.395519538079231125e+00 3.886606945203074925e+00 2.339970383581514213e+00 1.038146506200926078e+00 6.228097800816051466e-01 5.718779275229274317e-01 3.314572523152493067e-01 1.771402802081093186e-01 7.468122300823049065e-02 6.366258887686912504e-02 3.162636184944052353e-02 2.168023538666811328e-02
8.399274204964665813e+00 3.900118373554765761e+00 2.355027674828428452e+00 1.024458550705205306e+00 6.241508793386559839e-01 5.698195843900830670e-01 3.305205577461112210e-01 1.756779715342397796e-01 7.571092107252358483e-02 6.346444865377869060e-02 3.218740110031823032e-02 2.166679901301551275e-02
8.403677360860038803e+00 3.913634964414443029e+00 2.369641183248162530e+00 1.012348669264263368e+00 6.252437787899217669e-01 5.675027827785853463e-01 3.296392200467567757e-01 1.743705866327732168e-01 7.692164775398317722e-02 6.330110013182130291e-02 3.298131565787033176e-02 2.130937103437300154e-02
8.410178588249618059e+00 3.932351653060268681e+00 2.390602923744543862e+00 9.955715305770392876e-01 6.265409822717601385e-01 5.636137597360737495e-01 3.281593769128291482e-01 1.725000607212454629e-01 7.908623154212451878e-02 6.309535345028391418e-02 3.446540999267466016e-02 2.032124242787950938e-02
8.417373798285144204e+00 3.950692109445405720e+00 2.411314564680050676e+00 9.810657273011843538e-01 6.274641840104532298e-01 5.594512196138170523e-01 3.267802431248272854e-01 1.709373229591510113e-01 8.157001838799217419e-02 6.295909191773356450e-02 3.609770705470480290e-02 1.898139357028883617e-02
8.424843072267288235e+00 3.968203136363779304e+00 2.430472435284165567e+00 9.685633372026212218e-01 6.278241983326755538e-01 5.552454013567489355e-01 3.254033253936370884e-01 1.695572470624388539e-01 8.423801265558870932e-02 6.287915349975697898e-02 3.766824887853954806e-02 1.747363669820559823e-02
8.433104718850350068e+00 3.986065776241599856e+00 2.450201578632161592e+00 9.576513653007308058e-01 6.278600174870594408e-01 5.510307186616966169e-01 3.241857519176943869e-01 1.684371246419589241e-01 8.707810053103168246e-02 6.283971658244962011e-02 3.916607447092823602e-02 1.583347540614404511e-02
8.451158257133485563e+00 4.020807334305072089e+00 2.487715732117026679e+00 9.393275589880627496e-01 6.267797941397025285e-01 5.424968970229836485e-01 3.216863134823718107e-01 1.665678836047036482e-01 9.305612873244034633e-02 6.305126138929272039e-02 4.183817005728181215e-02 1.237919855228265115e-02
8.470913863052176751e+00 4.055537158676558285e+00 2.524476711965706333e+00 9.255887034982874795e-01 6.243850144509316413e-01 5.344140067545167794e-01 3.196746974465221602e-01 1.654487983519436212e-01 9.905371547578004088e-02 6.343549131396288010e-02 4.384518555345925245e-02 8.861212043612707451e-03
8.476081737382285652e+00 4.063952075189686042e+00 2.532713335344194405e+00 9.226199596003588077e-01 6.236125713114438751e-01 5.323470666908307614e-01 3.191716927963405559e-01 1.652178621878053200e-01 1.005350299824777777e-01 6.364012402412208558e-02 4.426717595358501539e-02 7.940612986743702043e-03
8.481580913538634192e+00 4.072684698875620235e+00 2.541675139467923561e+00 9.198488830172227848e-01 6.227776246070882982e-01 5.303848019374561851e-01 3.187051066637163199e-01 1.650391309716990329e-01 1.019603466253572038e-01 6.380752781945582541e-02 4.465626740185405646e-02 7.082722946240757253e-03
8.487113847543978906e+00 4.081494425678775073e+00 2.550556507888986690e+00 9.173040459332054697e-01 6.218910766861025508e-01 5.284572963281737312e-01 3.182850958384172424e-01 1.649192217724837761e-01 1.033741530339394865e-01 6.396523047228311332e-02 4.500065839683589641e-02 6.241422520691122106e-03
8.489579552088985182e+00 4.085325896060820305e+00 2.554383084038149843e+00 9.162687754395908435e-01 6.214950191227792686e-01 5.276376122390286083e-01 3.181159258332897366e-01 1.648748350937318530e-01 1.039715265740492195e-01 6.403988262748885885e-02 4.514029615642096982e-02 5.876830337543501384e-03
8.491995382474621934e+00 4.089075941975576889e+00 2.558120837575114326e+00 9.152507275482189009e-01 6.210956969455249110e-01 5.268228698544995536e-01 3.179442142453930420e-01 1.648393877570635269e-01 1.045618176099553653e-01 6.411667951587521341e-02 4.527467558517112023e-02 5.520603010506273597e-03
8.496461518303858540e+00 4.095965110947148879e+00 2.565014628537434671e+00 9.134743742320603488e-01 6.203379235436147221e-01 5.253423841564398566e-01 3.176486448814500041e-01 1.647957183189974750e-01 1.056270362455540568e-01 6.425630949368345279e-02 4.550419536437644991e-02 4.874276157032040452e-03
8.500997662837180613e+00 4.102921153565429080e+00 2.571905525211216847e+00 9.118110483736658889e-01 6.195587572683682875e-01 5.238829579889023869e-01 3.173798045388328548e-01 1.647844815081622172e-01 1.066783118995798807e-01 6.439369839622699487e-02 4.571467577348033856e-02 4.237289346748877861e-03
8.503106197968882896e+00 4.106059182765636528e+00 2.574922928610737127e+00 9.111170698076945795e-01 6.192088506619634058e-01 5.232388732561282785e-01 3.172674411170219311e-01 1.647827522831981639e-01 1.071309983159637047e-01 6.446464464539869432e-02 4.580377789997112925e-02 3.954485052137361040e-03
8.505084908942869504e+00 4.109030353112646416e+00 2.577866657713894671e+00 9.104145573842028494e-01 6.188578741924126714e-01 5.226051740011832258e-01 3.171488569989811546e-01 1.647840493703745801e-01 1.075742971151555094e-01 6.453097274591851340e-02 4.588889238665301573e-02 3.681398050355833007e-03
8.507125191359198979e+00 4.112083822265351962e+00 2.580847094094856686e+00 9.097462604292546606e-01 6.185024896417625762e-01 5.219753146812743383e-01 3.170402614448171730e-01 1.647939086837590106e-01 1.080156337244046194e-01 6.459657264405889443e-02 4.597075505516916294e-02 3.409732218464053659e-03
8.511344145353895385e+00 4.118335959988968398e+00 2.586945181229807211e+00 9.083981691549246618e-01 6.177615116021731856e-01 5.206817236695162610e-01 3.168217230908292326e-01 1.648265884298832085e-01 1.089141819524450105e-01 6.473724427552911276e-02 4.613233270823449000e-02 2.851264403907697708e-03
8.515629615918989259e+00 4.124627272337657580e+00 2.593041149958521085e+00 9.071112973074612063e-01 6.170057486779343403e-01 5.193964621816375971e-01 3.166182859179019204e-01 1.648808425419229229e-01 1.097976281833005080e-01 6.488066570979041103e-02 4.628349213313132787e-02 2.297739204918895252e-03
8.517907124761498139e+00 4.127921548929857742e+00 2.596231649917322581e+00 9.064518840401847299e-01 6.166064182524571002e-01 5.187243717777517693e-01 3.165148161535094595e-01 1.649157333299317851e-01 1.102541670366653653e-01 6.496129912052581168e-02 4.636058802006908647e-02 2.006387332160167094e-03
8.520182008785729622e+00 4.131212401133614875e+00 2.599408454860149487e+00 9.058076194312285612e-01 6.162034677526113668e-01 5.180549846214442811e-01 3.164144906455429451e-01 1.649577706196861115e-01 1.107056987909705997e-01 6.503990554672485491e-02 4.643393667455308210e-02 1.719991603075624736e-03
8.522467150000757385e+00 4.134503001878518269e+00 2.602583700051491533e+00 9.051778459390878995e-01 6.157984514256363839e-01 5.173886902408680877e-01 3.163185249021426837e-01 1.650064956458021648e-01 1.111532992938332048e-01 6.511911534105783994e-02 4.650496209964704447e-02 1.434491925900173567e-03
8.524774766376616242e+00 4.137800905376339600e+00 2.605751451787091444e+00 9.045602078304283422e-01 6.153913293431088061e-01 5.167252948033922433e-01 3.162254566882057860e-01 1.650598752149594062e-01 1.115949514710907337e-01 6.520008757444184511e-02 4.657425706405989713e-02 1.150744679690217723e-03
8.525924879517638999e+00 4.139432505038345589e+00 2.607315446565047878e+00 9.042584695178979004e-01 6.151898345787601974e-01 5.163975741532375041e-01 3.161811550241427349e-01 1.650883769176043347e-01 1.118123276510205044e-01 6.524231710736462519e-02 4.660828944899539361e-02 1.008621291105974089e-03
8.527077033646921933e+00 4.141067799152029494e+00 2.608879860748008372e+00 9.039605317359299397e-01 6.149874256932528205e-01 5.160709498754546543e-01 3.161375615075895373e-01 1.651185989001962562e-01 1.120282722091733574e-01 6.528332409798894009e-02 4.664144982632825037e-02 8.685083179748037544e-04
8.528234080642070225e+00 4.142705878994973112e+00 2.610444103609367072e+00 9.036652545180748897e-01 6.147843493905329471e-01 5.157446011231751060e-01 3.160946917891458430e-01 1.651503226366693722e-01 1.122431090023627148e-01 6.532464161619983001e-02 4.667416176216281076e-02 7.286372336286938345e-04
8.529393566832613516e+00 4.144342106987288332e+00 2.612004738697207618e+00 9.033732954054815023e-01 6.145814207685211805e-01 5.154195765882287894e-01 3.160530266415574885e-01 1.651834273396086128e-01 1.124566180749729388e-01 6.536641591917617677e-02 4.670649391873560319e-02 5.889078415461094411e-04
8.529957102834538674e+00 4.145131746522062954e+00 2.612758697901224281e+00 9.032320519545534721e-01 6.144830818197764000e-01 5.152622152777516229e-01 3.160328621295750429e-01 1.651995771456088724e-01 1.125592986480530300e-01 6.538751639169659846e-02 4.672224217127383256e-02 5.207257096344964416e-04
8.530518967754989745e+00 4.145921186544536674e+00 2.613511540844009495e+00 9.030923179618590702e-01 6.143847631188305014e-01 5.151054429746924068e-01 3.160130551561421974e-01 1.652163602633678618e-01 1.126615892883828934e-01 6.540800539653379708e-02 4.673766057917075334e-02 4.533522678605006180e-04
8.531082126135471455e+00 4.146711283533707437e+00 2.614264864665449384e+00 9.029532962289419373e-01 6.142863651507476375e-01 5.149488871177713145e-01 3.159935351018456906e-01 1.652334566819544937e-01 1.127636267046589064e-01 6.542858037190237008e-02 4.675301616429831941e-02 3.859758160207084061e-04
8.531646448495905588e+00 4.147500932336004809e+00 2.615017348128234165e+00 9.028145376048251070e-01 6.141878203862877195e-01 5.147923790478881045e-01 3.159740646118705532e-01 1.652507878704192745e-01 1.128653219822850357e-01 6.544938605770618534e-02 4.676833260123017255e-02 3.185556659488339350e-04
8.531950994939444755e+00 4.147924980540971696e+00 2.615421730110599530e+00 9.027398033179925285e-01 6.141349005999729993e-01 5.147081964270152632e-01 3.159636314663835654e-01 1.652600954320687654e-01 1.129198908086026104e-01 6.546094174443961577e-02 4.677663773910284428e-02 2.820114370190608395e-04
8.532255174242335372e+00 4.148349275580815565e+00 2.615825916891755920e+00 9.026655040714512968e-01 6.140819343799577279e-01 5.146241296404018284e-01 3.159532790478961628e-01 1.652696103797007265e-01 1.129743266768054866e-01 6.547231354151042404e-02 4.678484786711827048e-02 2.456897169717692795e-04
8.532559934176447314e+00 4.148773683633882214e+00 2.616230078840370954e+00 9.025913570793169249e-01 6.140289645868731716e-01 5.145400687179895183e-01 3.159429904773464748e-01 1.652791929100688728e-01 1.130287050944016325e-01 6.548378175471356033e-02 4.679307372731639908e-02 2.092983398925402614e-04
8.532865275202434319e+00 4.149197669618911455e+00 2.616633872510211845e+00 9.025171191573260199e-01 6.139759741298743689e-01 5.144560194096885475e-01 3.159327104125684293e-01 1.652887732475760985e-01 1.130829780854362560e-01 6.549545476911078357e-02 4.680130972047968213e-02 1.727785654218968623e-04
8.533023265307388527e+00 4.149415594658236728e+00 2.616841538714575588e+00 9.024786443710063333e-01 6.139487206348194226e-01 5.144126927971544028e-01 3.159273845528338120e-01 1.652936118166070945e-01 1.131108810674287396e-01 6.550173330809352934e-02 4.680562691420827454e-02 1.537496715791043204e-04
8.533180970392553633e+00 4.149633543540386604e+00 2.617049136379572705e+00 9.024402870533614340e-01 6.139214349793408187e-01 5.143693954125670986e-01 3.159220859554027760e-01 1.652985247292381166e-01 1.131387607271745616e-01 6.550793062353921226e-02 4.680990922959421541e-02 1.347941030625943583e-04
8.533339105529734070e+00 4.149851416384637837e+00 2.617256679495863381e+00 9.024018736206553815e-01 6.138942193147718385e-01 5.143260614949757281e-01 3.159167734607804534e-01 1.653034095200129061e-01 1.131666174823401649e-01 6.551425673379722425e-02 4.681423204306801866e-02 1.157280365853370011e-04
8.533497936260756589e+00 4.150068903347596816e+00 2.617464035290144153e+00 9.023632011628616167e-01 6.138670464432763874e-01 5.142826610559654288e-01 3.159114281380844824e-01 1.653082042863636414e-01 1.131944327731319311e-01 6.552081927164790653e-02 4.681861226788219810e-02 9.645693152757736416e-05
