-2.802254633720483223e+00 -4.860534484995624460e+00 -1.037514115014690397e+01 1.077060595672868937e+00 -3.227274359109003399e+00 -2.498951742886152516e+00 -2.859745506258365655e+00
-2.802127221122669098e+00 -4.860537982503516652e+00 -1.037511972411950190e+01 1.076963494309282288e+00 -3.227370443765988473e+00 -2.498945357447735383e+00 -2.859705527347072174e+00
-2.800186252852957303e+00 -4.860594138736110459e+00 -1.037464819800313442e+01 1.075459358983794633e+00 -3.228865862603258030e+00 -2.498846408805426300e+00 -2.859078005814020607e+00
-2.795565321810152604e+00 -4.860737401027324545e+00 -1.037309580105244500e+01 1.071804077362928931e+00 -3.232519618060335276e+00 -2.498605315381857039e+00 -2.857529552015965368e+00
-2.791204082402455544e+00 -4.860894215475105362e+00 -1.037077689859330398e+01 1.068205420191561394e+00 -3.236153088164377856e+00 -2.498365335792147590e+00 -2.855960585957402209e+00
-2.780582972599775715e+00 -4.861394938397133991e+00 -1.036118991040486570e+01 1.058753499795063169e+00 -3.245847879193261676e+00 -2.497714284439576993e+00 -2.851644285980998728e+00
-2.771425515280950158e+00 -4.862005083513784243e+00 -1.034738186103846225e+01 1.049647712953779344e+00 -3.255389227538703079e+00 -2.497055963824067248e+00 -2.847219164183758089e+00
-2.763474424310917499e+00 -4.862711956839144811e+00 -1.033016739775272619e+01 1.040865018927890073e+00 -3.264779991263298431e+00 -2.496392855780532383e+00 -2.842698166758882650e+00
-2.752696825139597347e+00 -4.864016947236168065e+00 -1.029666068916223765e+01 1.027338974132772309e+00 -3.279650869243007083e+00 -2.495328001130772133e+00 -2.835196067429219369e+00
-2.743896383095600466e+00 -4.865469703877027818e+00 -1.025793562106132129e+01 1.014634865242058037e+00 -3.294177257038309659e+00 -2.494295939663213613e+00 -2.827439120247546178e+00
-2.736616439546897261e+00 -4.867046696380362469e+00 -1.021540448398082823e+01 1.002769018727442285e+00 -3.308390428061473987e+00 -2.493307011730462985e+00 -2.819403427158097220e+00
-2.727682629323550323e+00 -4.869703013325699992e+00 -1.014549924213237375e+01 9.863444595120213210e-01 -3.329533389571858404e+00 -2.491872266262672664e+00 -2.806543484710270597e+00
-2.717288386084051321e+00 -4.874665008310405945e+00 -1.002752795588543933e+01 9.648169800935204599e-01 -3.361862856249339337e+00 -2.489726774381568308e+00 -2.784450616414868129e+00
-2.709999037335864447e+00 -4.881097535062316695e+00 -9.904573358313905729e+00 9.491436525970692317e-01 -3.393211473905368258e+00 -2.487450166191295775e+00 -2.759748535272978032e+00
-2.704561676320423214e+00 -4.889593600170997867e+00 -9.780577020074815664e+00 9.397167200997623704e-01 -3.423926276779951650e+00 -2.484676589627421883e+00 -2.732049987003770219e+00
-2.700160837830741567e+00 -4.900585932210500317e+00 -9.658203626178055501e+00 9.367725156802166886e-01 -3.454295504824537844e+00 -2.481062749893486075e+00 -2.701085692644510150e+00
-2.694697853633609252e+00 -4.923887019434934231e+00 -9.465082197380080942e+00 9.465971834685393826e-01 -3.503197788454354367e+00 -2.472938368991960623e+00 -2.643431862271457433e+00
-2.689605215395911131e+00 -4.953415171261473127e+00 -9.279615119736028817e+00 9.760677845454865942e-01 -3.552996163994610601e+00 -2.461770138638410543e+00 -2.574533653092411445e+00
-2.684502277615562260e+00 -4.987006104969479381e+00 -9.095553475983829017e+00 1.030207107147722123e+00 -3.605210246378130812e+00 -2.448227035655909489e+00 -2.490182216488930234e+00
-2.679269700970919210e+00 -5.022336586096060707e+00 -8.900438982918990050e+00 1.120551977849448821e+00 -3.662277976404973323e+00 -2.433260356330282814e+00 -2.380879307094950104e+00
-2.675681121992692368e+00 -5.046496967248950583e+00 -8.745513297672200537e+00 1.217625320261284783e+00 -3.706950550067107830e+00 -2.422606824473273246e+00 -2.279347273783030481e+00
-2.672213117194888632e+00 -5.069234918904632181e+00 -8.555082717995128760e+00 1.364356698460807538e+00 -3.758694012655731331e+00 -2.412287570080624555e+00 -2.138394321139703180e+00
-2.671418585144908597e+00 -5.074516644907692609e+00 -8.497731214291851742e+00 1.413278173798875326e+00 -3.773268784275150889e+00 -2.409844721759546449e+00 -2.093087368611761256e+00
-2.670686202926307207e+00 -5.079566811756916600e+00 -8.434185797910258131e+00 1.469528491675330617e+00 -3.788746651758617023e+00 -2.407490528842716415e+00 -2.041588804053038331e+00
-2.669665417779039540e+00 -5.087533842554908148e+00 -8.305030733896929362e+00 1.589007412768774552e+00 -3.817894086086473848e+00 -2.403736885057295325e+00 -1.933463070097911407e+00
-2.669188939464651522e+00 -5.094348922521337641e+00 -8.134453308721402820e+00 1.753905239786929027e+00 -3.851592728446396663e+00 -2.400477277995150871e+00 -1.785305641879942229e+00
-2.669389757798645402e+00 -5.097611918814664911e+00 -8.001037806966419197e+00 1.886013227874429488e+00 -3.874365010770277618e+00 -2.398894032139283539e+00 -1.666491876809375494e+00
-2.670248713253775552e+00 -5.100156746572197086e+00 -7.823230225872012333e+00 2.064009910310725449e+00 -3.900316275960772128e+00 -2.397641934266272035e+00 -1.505392836567385872e+00
-2.671388215923056197e+00 -5.101342384501517557e+00 -7.667735333817847554e+00 2.220291448174700921e+00 -3.919467171466946009e+00 -2.397047956970041582e+00 -1.362649781588284981e+00
-2.673280175647210211e+00 -5.102096923115745142e+00 -7.456935768089270056e+00 2.432085950087889081e+00 -3.940997205891355826e+00 -2.396658418487465525e+00 -1.167038707930853292e+00
-2.675027947693711994e+00 -5.102339022319649864e+00 -7.279137576408172272e+00 2.610329738312273662e+00 -3.955905606449687806e+00 -2.396523811235345303e+00 -1.000529692860230968e+00
-2.677422364103451802e+00 -5.102415937781373145e+00 -7.039127122522584656e+00 2.850281152222972292e+00 -3.972212697276493287e+00 -2.396465960365780301e+00 -7.738532535627284936e-01
-2.679284753225056104e+00 -5.102399720811757078e+00 -6.845730836993573654e+00 3.043170893268270394e+00 -3.982788035128419057e+00 -2.396458320133166620e+00 -5.897910567265669535e-01
-2.681585641337121739e+00 -5.102356939793643242e+00 -6.587997507097554717e+00 3.299789733552361159e+00 -3.994036288354644526e+00 -2.396458689449040946e+00 -3.427354981236686582e-01
-2.682247338679648596e+00 -5.102345459468232036e+00 -6.508474758340497601e+00 3.378900145458785254e+00 -3.996965897093363473e+00 -2.396457923177069294e+00 -2.661439325095428798e-01
-2.682953044115084840e+00 -5.102334849855346022e+00 -6.420245040810916848e+00 3.466644944923126914e+00 -3.999950142690992028e+00 -2.396455961483405339e+00 -1.809772946254048498e-01
-2.684331425868017540e+00 -5.102321311631158984e+00 -6.235447451060918134e+00 3.650365904576087228e+00 -4.005393365711463538e+00 -2.396447341939318854e+00 -1.990427788963876777e-03
-2.685930850725525953e+00 -5.102320633962081686e+00 -5.995170625957483068e+00 3.889171619393222645e+00 -4.011075482064556219e+00 -2.396427003749297846e+00 2.318253213237268240e-01
-2.686380351920183429e+00 -5.102323863044568419e+00 -5.921666168869532676e+00 3.962217324701734267e+00 -4.012546684757172244e+00 -2.396418833826943651e+00 3.035697833078243590e-01
-2.686859240545393934e+00 -5.102329128373536804e+00 -5.840039257441676845e+00 4.043331081688190665e+00 -4.014047083742555699e+00 -2.396408721893296789e+00 3.833516430060655011e-01
-2.687375815601162010e+00 -5.102336976991255213e+00 -5.747860388279090849e+00 4.134926919296530556e+00 -4.015584625154034804e+00 -2.396396049355431046e+00 4.735769224631503072e-01
-2.687946722960181223e+00 -5.102348137414735696e+00 -5.640755442744376680e+00 4.241348963964211904e+00 -4.017176265827350434e+00 -2.396379749081499533e+00 5.785727892977341469e-01
-2.688610254910934305e+00 -5.102363595415485342e+00 -5.509219576537217833e+00 4.372035848171248240e+00 -4.018863199112404416e+00 -2.396357598257705224e+00 7.077377844264657325e-01
-2.689060546602408674e+00 -5.102374845214616705e+00 -5.415952293354568070e+00 4.464692809907449877e+00 -4.019895121152375239e+00 -2.396340419741025407e+00 7.994589184867731957e-01
-2.689622424718161930e+00 -5.102396890416097008e+00 -5.295949621535152474e+00 4.583898506697857478e+00 -4.021039133216907757e+00 -2.396311460617161160e+00 9.176444999055891616e-01
-2.690030349679956245e+00 -5.102430653792162651e+00 -5.206989076249682213e+00 4.672259916915580291e+00 -4.021774891001546948e+00 -2.396278283857083302e+00 1.005394115027858692e+00
-2.690493537952119762e+00 -5.102501252826670886e+00 -5.104476348924697149e+00 4.774074860935250797e+00 -4.022529604231308120e+00 -2.396220990602056400e+00 1.106667151898389267e+00
-2.690997240514093836e+00 -5.102625126149054502e+00 -4.991405871287399876e+00 4.886368808680259690e+00 -4.023271139612007552e+00 -2.396131253975709807e+00 1.218575150653415706e+00
