0.000000000000000000e+00
2.567400677677176375e-04
5.134801355354352750e-04
1.054521459694417185e-03
1.595562783853398878e-03
7.005976025443216675e-03
4.257964799391433797e-02
1.302842391682128009e-01
3.421479875102235724e-01
5.540117358522342883e-01
9.526269440596766280e-01
1.351242152267118968e+00
1.749857360474561307e+00
2.148472568682003647e+00
2.547087776889445987e+00
2.646741578941306461e+00
2.746395380993166935e+00
2.906923075421433023e+00
3.067450769849699110e+00
3.150999795434891837e+00
3.234548821020084564e+00
3.318097846605277290e+00
3.357692403017132676e+00
3.397286959428988062e+00
3.436881515840843448e+00
3.476476072252698835e+00
3.493221422251705288e+00
3.509966772250711742e+00
3.526712122249718195e+00
3.543457472248724649e+00
3.560202822247731103e+00
3.567782825014073733e+00
3.575362827780416364e+00
3.582942830546758994e+00
3.590522833313101625e+00
3.598102836079444256e+00
3.605682838845786886e+00
3.613262841612129517e+00
3.620842844378472147e+00
3.628422847144814778e+00
3.636002849911157409e+00
3.643582852677500039e+00
3.651162855443842670e+00
3.658742858210185300e+00
3.666322860976527931e+00
3.670287771323541559e+00
3.674252681670555187e+00
3.678217592017568816e+00
3.682182502364582444e+00
3.686147412711596072e+00
3.688126760088763501e+00
