2.826236851514186910e+00 4.732971398863554668e+00 1.002108026421357678e+01 1.249431696812028703e+00 3.256901619240255563e+00 4.269187462625322754e-02 2.582180312592209148e+00 2.770328045868454492e+00
8.015719220819214286e+00 3.494728059482387295e+00 2.726966735416632481e+00 9.876885366472528682e-01 5.759480205670596265e-01 3.926895248983640063e-01 3.027885217308425858e-01 9.441294159495566829e-02
8.015726442923305939e+00 3.494731598273551842e+00 2.727150396528467802e+00 9.876663535398668703e-01 5.759574610592061994e-01 3.926814356240721504e-01 3.027871039169479639e-01 9.441174666711074637e-02
8.015740527714630304e+00 3.494738854651117332e+00 2.727536368140545342e+00 9.876201594329981903e-01 5.759816057495894537e-01 3.926527873528768420e-01 3.027819969711402215e-01 9.440377168547259279e-02
8.015755288322154115e+00 3.494746528363775084e+00 2.727926260187840679e+00 9.875734383103964564e-01 5.760023474210711480e-01 3.926356453178637684e-01 3.027790109707905741e-01 9.440127177853945006e-02
8.015908051775305410e+00 3.494824131113641208e+00 2.731812788992870278e+00 9.871054205223452893e-01 5.762017669091197281e-01 3.924655947362630792e-01 3.027495625927304479e-01 9.437666399365034209e-02
8.016935787441893169e+00 3.495427749585938049e+00 2.757805227252424718e+00 9.839768914574091863e-01 5.775220859057977885e-01 3.913632412007752581e-01 3.025502730103292182e-01 9.423374904253302431e-02
8.020886391957221306e+00 3.497723775756751863e+00 2.822372031627933708e+00 9.767595024090450773e-01 5.808145316051309681e-01 3.886016801578142110e-01 3.017972846468031101e-01 9.392766124426731034e-02
8.033079657738131374e+00 3.510865275353337367e+00 2.991681290180557617e+00 9.583145499968175329e-01 5.891134895117056125e-01 3.829149551657954897e-01 2.989987949881054430e-01 9.392836627173324626e-02
8.052064118696856454e+00 3.548036030327536228e+00 3.160922570585100733e+00 9.406304002864765978e-01 5.977979569994381626e-01 3.790113319807463799e-01 2.936840838156927203e-01 9.474655727484757040e-02
8.109628627303306914e+00 3.803192256652305758e+00 3.348665868448082783e+00 9.120357046278277924e-01 6.147078876879548126e-01 3.777365964602811266e-01 2.757750168751052500e-01 9.800240673637926336e-02
8.205592968142950028e+00 4.260165465430600484e+00 3.387691976284622708e+00 8.910366854776117229e-01 6.319392805359420606e-01 3.822026823925823713e-01 2.496101881082050944e-01 1.023468543046963247e-01
8.354878118269999376e+00 4.764568104773288404e+00 3.396956993302684857e+00 8.789423554601044630e-01 6.496897001826519302e-01 3.888293722921005724e-01 2.188914609256808197e-01 1.065569833689541668e-01
8.573653365662131876e+00 5.246440158819153154e+00 3.399979506416924924e+00 8.758343687434486657e-01 6.677050560769808296e-01 3.949131834498976756e-01 1.857360707132641175e-01 1.093832792803321186e-01
8.874695760387027121e+00 5.665285785968253940e+00 3.401465062105561987e+00 8.812664675651433743e-01 6.857910774423032763e-01 3.994050230442304228e-01 1.525938797228930111e-01 1.083147405040998101e-01
8.964668858336592550e+00 5.758300364740389199e+00 3.401789988809175824e+00 8.842834071842446964e-01 6.904467208413040957e-01 4.002334763593659583e-01 1.450488754975636507e-01 1.062930873573814661e-01
9.060661527422528394e+00 5.846706463279345733e+00 3.402064861173377253e+00 8.875556619659759061e-01 6.951412739504992944e-01 4.010113695393876521e-01 1.387374950295585663e-01 1.029127410402829595e-01
9.227102873876010136e+00 5.978319549163776614e+00 3.402572842301842648e+00 8.940418981021326372e-01 7.026671419444850963e-01 4.020414125731282540e-01 1.317590002770034074e-01 9.351674528392556196e-02
9.407695611855505291e+00 6.096976634938366502e+00 3.403135870231193572e+00 9.023039066005337228e-01 7.102862639821619917e-01 4.028194440230078999e-01 1.282637274542505201e-01 7.939877694803645913e-02
9.507381537838957897e+00 6.154077618388702042e+00 3.403467865183827268e+00 9.075007497634010045e-01 7.143032841939739308e-01 4.031330155337924381e-01 1.272949737019749283e-01 7.049665799662473142e-02
9.609979707557199546e+00 6.207807755060109400e+00 3.403838035597230416e+00 9.132600969713037253e-01 7.183270060699242787e-01 4.033911285011718140e-01 1.266747243707729564e-01 6.081774724461615211e-02
9.715555417811700067e+00 6.258538069626323974e+00 3.404261322974963644e+00 9.197405854185856100e-01 7.223638712857021194e-01 4.036187399875643123e-01 1.262879480324651527e-01 5.028683372215135561e-02
9.766727414987608213e+00 6.281702745612846250e+00 3.404490345672588791e+00 9.231503445378036465e-01 7.242831443640145306e-01 4.037267720965067030e-01 1.261660618006475998e-01 4.490966971251339479e-02
9.818101890748494043e+00 6.304099982995324147e+00 3.404737020403123093e+00 9.267168054574780323e-01 7.262034713762908211e-01 4.038351188881059151e-01 1.260732052754083843e-01 3.935204692255816344e-02
9.869756290010780475e+00 6.325855606764704042e+00 3.405010119847289740e+00 9.304983078059730905e-01 7.281216773058545311e-01 4.039545136038462658e-01 1.260056207066819201e-01 3.353019079668828617e-02
9.921467203489779507e+00 6.346944223937915019e+00 3.405317647108637491e+00 9.345113389315098384e-01 7.300375375552879964e-01 4.041012009117868620e-01 1.259592207162023025e-01 2.739403917809095368e-02
9.943425895736375253e+00 6.355728450883542102e+00 3.405464155789842629e+00 9.363079469804124200e-01 7.308472445017940577e-01 4.041808908105878340e-01 1.259458467397701620e-01 2.465052515204040409e-02
9.965079244924821111e+00 6.364278939977953797e+00 3.405619390965312299e+00 9.381098850477045392e-01 7.316538811452001356e-01 4.042692419025406547e-01 1.259326321644337054e-01 2.187595745032420297e-02
9.986491530084464330e+00 6.372647368373643317e+00 3.405788050048884408e+00 9.399371347536172872e-01 7.324571247008295760e-01 4.043741975667845545e-01 1.259196880592360068e-01 1.903063090739069707e-02
1.000753383453771050e+01 6.380794659469259500e+00 3.405974777181969060e+00 9.417735807618119459e-01 7.332559589650530230e-01 4.045034876904418097e-01 1.259050793366257581e-01 1.611360852282440678e-02
1.002795056542466945e+01 6.388637768132923611e+00 3.406186094441927104e+00 9.435813796691531197e-01 7.340460471135958898e-01 4.046687313285861620e-01 1.258851946897408258e-01 1.313761743239149141e-02
1.003697082652738359e+01 6.392089579275474165e+00 3.406294482157513848e+00 9.443774539128684253e-01 7.343998024716262840e-01 4.047631638285604239e-01 1.258732285951931762e-01 1.176818256486533709e-02
1.004560243641881812e+01 6.395374303838926799e+00 3.406410218885521868e+00 9.451273044534064249e-01 7.347498686787494737e-01 4.048688850291954355e-01 1.258572805496546154e-01 1.042282505936181249e-02
1.005383662150240376e+01 6.398493355791437409e+00 3.406537030464388938e+00 9.458175028141149188e-01 7.350949851691075398e-01 4.049917212597352600e-01 1.258363431430389867e-01 9.104397673429588320e-03
1.006154224366671457e+01 6.401392776026211706e+00 3.406677932557679256e+00 9.464152070112727966e-01 7.354336244979550186e-01 4.051367842153646426e-01 1.258085337365777157e-01 7.840272277434274031e-03
1.006853189091674672e+01 6.403992406896836798e+00 3.406836685561864808e+00 9.468696278866618465e-01 7.357632996261760372e-01 4.053090588444456799e-01 1.257711110499343532e-01 6.675301322259169674e-03
1.007457994469811702e+01 6.406189894464177748e+00 3.407017308479350248e+00 9.471100464875720215e-01 7.360811054473910264e-01 4.055133717473090593e-01 1.257209427145855596e-01 5.669242754748165559e-03
1.007948003436983164e+01 6.407882877068924898e+00 3.407222215038785862e+00 9.470575974137412922e-01 7.363843443321891336e-01 4.057509971709256646e-01 1.256557905451703705e-01 4.875550444313173255e-03
1.008315007477052383e+01 6.409015256968229934e+00 3.407449603063542831e+00 9.466619566650847917e-01 7.366722852224956153e-01 4.060162874600384830e-01 1.255762037488568905e-01 4.296681480377603259e-03
1.008562480503847247e+01 6.409590128847542090e+00 3.407693580243150500e+00 9.459360428526378817e-01 7.369469955626847257e-01 4.062992157534991988e-01 1.254865537594760383e-01 3.866426345840033758e-03
1.008703678187787034e+01 6.409670857495375351e+00 3.407948575176959150e+00 9.449429143500984729e-01 7.372112456266860514e-01 4.065913594842033851e-01 1.253933426963882714e-01 3.499523864293028683e-03
1.008764148952288764e+01 6.409382179853507999e+00 3.408210369161084774e+00 9.437630102294274348e-01 7.374687534871601224e-01 4.068875520838160509e-01 1.253029041359067786e-01 3.141448361912191432e-03
1.008769592398216020e+01 6.408855333608498128e+00 3.408475672930913802e+00 9.424734080487859877e-01 7.377228387638279372e-01 4.071847501094688071e-01 1.252203078943151804e-01 2.773692461072159530e-03
1.008735527189242909e+01 6.408182226008777960e+00 3.408742177953041352e+00 9.411347225173907205e-01 7.379758451879585568e-01 4.074809362553955538e-01 1.251486293736076560e-01 2.397417311478488178e-03
1.008669636444272832e+01 6.407416172933860565e+00 3.409008625398838088e+00 9.397851984672229708e-01 7.382293335766021425e-01 4.077751058717202226e-01 1.250892591163203782e-01 2.018742031361254324e-03
1.008634378888900862e+01 6.407025587389302501e+00 3.409148599671603108e+00 9.390735785571396876e-01 7.383623755459630678e-01 4.079309080158586842e-01 1.250631966189783562e-01 1.820362779134686955e-03
1.008579615563393261e+01 6.406576349300508788e+00 3.409287393135198130e+00 9.383744495656526352e-01 7.384957755151375647e-01 4.080823999301093630e-01 1.250404635485188598e-01 1.623932018620767278e-03
1.008518018157919194e+01 6.406113222690753339e+00 3.409425951784028630e+00 9.376785944679323359e-01 7.386295462997409800e-01 4.082331040158328483e-01 1.250209922543243646e-01 1.428445063720793374e-03
1.008452101879373330e+01 6.405644702445576044e+00 3.409564482402806185e+00 9.369837724118068589e-01 7.387637349686189125e-01 4.083838703954140725e-01 1.250046854091352855e-01 1.233649776611374024e-03
1.008384614244566890e+01 6.405180366110673873e+00 3.409703150625333468e+00 9.362880750111871597e-01 7.388983659833838757e-01 4.085354545938214565e-01 1.249914884280825672e-01 1.039346667877544522e-03
1.008356937880778048e+01 6.404973094828390501e+00 3.409772908414688164e+00 9.359348082560198234e-01 7.389658436254910034e-01 4.086135126547876806e-01 1.249861118338595339e-01 9.418544969042418188e-04
