-3.402834554472061956e+00 -8.803808837440348256e+00 -2.940278410320978697e+00 -3.618596845879248125e+00 -3.094307998245456659e+00 -1.298840946251967887e+00 -4.279850105377405178e+00 -2.606788873963022724e+00 -3.714601344547713513e+00 -2.616193748326588242e+00 -2.688556352729792653e+00
-3.402833766283378747e+00 -8.803808549125713867e+00 -2.940278453940944114e+00 -3.618597223747197944e+00 -3.094307472821795191e+00 -1.298840557700197795e+00 -4.279849868964300086e+00 -2.606788500216628890e+00 -3.714601478932344492e+00 -2.616193913222498946e+00 -2.688556342814235389e+00
-3.402832367888814158e+00 -8.803808036996020547e+00 -2.940278531374294069e+00 -3.618597894690037009e+00 -3.094306541354522100e+00 -1.298839868890834026e+00 -4.279849449885964496e+00 -2.606787837752227333e+00 -3.714601717175904927e+00 -2.616194206277939305e+00 -2.688556325165976091e+00
-3.402828871889929996e+00 -8.803806756666961775e+00 -2.940278724958221179e+00 -3.618599572047736856e+00 -3.094304212678100630e+00 -1.298838146863243059e+00 -4.279848402189126766e+00 -2.606786181587573470e+00 -3.714602312786598581e+00 -2.616194938917067780e+00 -2.688556281044897744e+00
-3.402825375878399949e+00 -8.803805476332607682e+00 -2.940278918542776676e+00 -3.618601249406557585e+00 -3.094301883993333391e+00 -1.298836424831462999e+00 -4.279847354491185918e+00 -2.606784525419351350e+00 -3.714602908399143644e+00 -2.616195671556656333e+00 -2.688556236923333564e+00
-3.402790414443362277e+00 -8.803792672467409375e+00 -2.940280854449605741e+00 -3.618618023115110827e+00 -3.094278596282536764e+00 -1.298819204080157830e+00 -4.279836877395625905e+00 -2.606767963356977802e+00 -3.714608864710211567e+00 -2.616202998032812310e+00 -2.688555795664455239e+00
-3.402440674931913378e+00 -8.803664587327645563e+00 -2.940300218887406114e+00 -3.618785765494388240e+00 -3.094045631919464689e+00 -1.298646955054355567e+00 -4.279732096168601174e+00 -2.606602306378800638e+00 -3.714668445810075159e+00 -2.616276268703694008e+00 -2.688551378907827250e+00
-3.398930275949643587e+00 -8.802378525692851952e+00 -2.940494486838926225e+00 -3.620464026715415340e+00 -3.091707188227755143e+00 -1.296920182640924013e+00 -4.278683144835479624e+00 -2.604941984215271678e+00 -3.715266104107954881e+00 -2.617009789437100054e+00 -2.688506783765207242e+00
-3.380500800793472482e+00 -8.795614393788440566e+00 -2.941512409673670891e+00 -3.629139044299051431e+00 -3.079432811340235165e+00 -1.287909716169135299e+00 -4.273247867324545091e+00 -2.596287157475110075e+00 -3.718394610645601617e+00 -2.620802203033960165e+00 -2.688266239231985377e+00
-3.349273310207757426e+00 -8.784177593169060216e+00 -2.943221556586077092e+00 -3.643398810303505542e+00 -3.058566644231917486e+00 -1.272810290935414868e+00 -4.264253543045891881e+00 -2.581815442871326027e+00 -3.723668503507912231e+00 -2.627071637328259879e+00 -2.687836317108717843e+00
-3.291160805806085943e+00 -8.762905829166674820e+00 -2.946383020337259850e+00 -3.669289164818091198e+00 -3.019716034506189750e+00 -1.244986210865127507e+00 -4.247854566413780120e+00 -2.555181457359671171e+00 -3.733430924920079441e+00 -2.638486735014089923e+00 -2.687014590227301269e+00
-3.230226798753982109e+00 -8.740688256072948192e+00 -2.949662563341319821e+00 -3.694988236041838903e+00 -2.978786550214703954e+00 -1.216419421485007257e+00 -4.231358446685561603e+00 -2.527882665266396156e+00 -3.743552711329147797e+00 -2.649923117014606699e+00 -2.686124907822176056e+00
-3.128851713826094727e+00 -8.704336278881953604e+00 -2.955007043751032292e+00 -3.734405126539346753e+00 -2.909646548748005213e+00 -1.170223625918783927e+00 -4.205355266956551930e+00 -2.483809057532095466e+00 -3.760152591254817267e+00 -2.667717985256855773e+00 -2.684610051036938394e+00
-3.020159775363035592e+00 -8.666462354380328748e+00 -2.960572883601399585e+00 -3.772336201142489021e+00 -2.833758271909982085e+00 -1.122236635459979537e+00 -4.179125725076183961e+00 -2.438085827264139471e+00 -3.777704722351457267e+00 -2.685068668080544452e+00 -2.682967905602042347e+00
-2.903242797367868278e+00 -8.627426514939941171e+00 -2.966332843959207821e+00 -3.808663466035950407e+00 -2.749854485873457932e+00 -1.072699263315636031e+00 -4.152788748884337799e+00 -2.390878699579433775e+00 -3.796161305019285059e+00 -2.701911796767149543e+00 -2.681255426219981697e+00
-2.777610122241170654e+00 -8.588057388217041677e+00 -2.972173701715001393e+00 -3.843127129762081928e+00 -2.656854581282594552e+00 -1.022270956183735979e+00 -4.126697519172755513e+00 -2.342780117154331432e+00 -3.815314148788062631e+00 -2.718142841067936910e+00 -2.679526393672006179e+00
-2.642104870888451806e+00 -8.548488499584440348e+00 -2.978082325464870728e+00 -3.875603273342073773e+00 -2.553489359977740403e+00 -9.714137703854457406e-01 -4.101047782099270123e+00 -2.294199433263196752e+00 -3.835023064639841550e+00 -2.733793466784147697e+00 -2.677822396327212306e+00
-2.493489223805856358e+00 -8.508584551839295074e+00 -2.984039988432118928e+00 -3.906550412864410404e+00 -2.436986702512389691e+00 -9.202857948193382542e-01 -4.075881807860070261e+00 -2.245271466399008098e+00 -3.855244324749306895e+00 -2.748881840007009636e+00 -2.676162780649658846e+00
-2.326965487041833036e+00 -8.468340042854981320e+00 -2.989981568231566023e+00 -3.936501977260868923e+00 -2.303161403857611145e+00 -8.690140916631223789e-01 -4.051231896820731038e+00 -2.196097826800579078e+00 -3.875944915596019946e+00 -2.763250028103359845e+00 -2.674566873089371910e+00
-2.135767389543169692e+00 -8.427235153592548045e+00 -2.995885880010983993e+00 -3.966022896909480178e+00 -2.146335414155052579e+00 -8.178974238894788362e-01 -4.027211658102072711e+00 -2.146964253147444879e+00 -3.897027781253890488e+00 -2.777048199022308594e+00 -2.673048650084674183e+00
-1.908166705971146238e+00 -8.383808937178912402e+00 -3.001735016402908851e+00 -3.996555545761024231e+00 -1.957605943683491168e+00 -7.670397170147653654e-01 -4.003859754121489090e+00 -2.098011009424106010e+00 -3.918460055936868525e+00 -2.790306864299307854e+00 -2.671587470193534930e+00
-1.786306226691164012e+00 -8.362317843751561952e+00 -3.004423400902832331e+00 -4.011592500305145137e+00 -1.856373198882688147e+00 -7.436179269270657421e-01 -3.993284973999732035e+00 -2.075450732280392341e+00 -3.928488215614931445e+00 -2.796257590567665652e+00 -2.670926887463395349e+00
-1.648717416704709615e+00 -8.339180836778099959e+00 -3.007101527350190207e+00 -4.027828232519670593e+00 -1.742450006851697042e+00 -7.201067580361406595e-01 -3.982778473339793290e+00 -2.052783658883874818e+00 -3.938658204611534597e+00 -2.802127529986695897e+00 -2.670280247809582619e+00
-1.489966581540346446e+00 -8.313536661237270309e+00 -3.009758250704436922e+00 -4.045969746916480148e+00 -1.611998065520851897e+00 -6.963018572961613417e-01 -3.972247040926577100e+00 -2.029803903265025244e+00 -3.949062328882445350e+00 -2.807906993307685894e+00 -2.669648029209318096e+00
-1.300927320781399832e+00 -8.283669107374668883e+00 -3.012403405381190336e+00 -4.067298631864917802e+00 -1.458820950945883821e+00 -6.718602611343108544e-01 -3.961539359768412094e+00 -2.006165178890499945e+00 -3.959858468189847880e+00 -2.813605015097305539e+00 -2.669032481038059679e+00
-1.193457926445466999e+00 -8.266662955314126648e+00 -3.013700316262194256e+00 -4.079503949212576863e+00 -1.373088132770473591e+00 -6.595525076067064729e-01 -3.956186404871011586e+00 -1.994239130805720350e+00 -3.965336552554339367e+00 -2.816367455566871847e+00 -2.668739388580323002e+00
-1.072892350840595865e+00 -8.247226496482987557e+00 -3.014995077658093603e+00 -4.093446700943751182e+00 -1.278470118129221067e+00 -6.470171836755760353e-01 -3.950763402454073425e+00 -1.982078424506497738e+00 -3.970943265675220601e+00 -2.819107857290420238e+00 -2.668451421461123463e+00
-9.354461171891994553e-01 -8.224311947896916664e+00 -3.016286552996510828e+00 -4.109816748637244999e+00 -1.172916621343495835e+00 -6.342109927022102633e-01 -3.945255912154916000e+00 -1.969641114834494555e+00 -3.976697890492570941e+00 -2.821827342795854232e+00 -2.668167773561804346e+00
-7.751573039971738632e-01 -8.196102618303095610e+00 -3.017573862588750266e+00 -4.129733243005037302e+00 -1.053397608044905676e+00 -6.210714186361763200e-01 -3.939643498365914098e+00 -1.956866410541759027e+00 -3.982627090803473990e+00 -2.824527388674101580e+00 -2.667887269890560908e+00
-6.818043902077783880e-01 -8.178788437083291285e+00 -3.018231450821645456e+00 -4.141777811112537400e+00 -9.856500179194263023e-01 -6.141952179454021055e-01 -3.936723675603241990e+00 -1.950176046948375763e+00 -3.985738011604824660e+00 -2.825902505993561853e+00 -2.667744526663871074e+00
-5.784858198693423326e-01 -8.158664333527120505e+00 -3.018887336985161873e+00 -4.155545212835182411e+00 -9.124824529314815580e-01 -6.072049079105960034e-01 -3.933769547642267828e+00 -1.943371287317917417e+00 -3.988904182144060506e+00 -2.827270183100046186e+00 -2.667602144444816581e+00
-4.627694799131583103e-01 -8.134762553389913720e+00 -3.019540856313978061e+00 -4.171534936780663116e+00 -8.329307999817936459e-01 -6.000837115061617988e-01 -3.930776879699098281e+00 -1.936436287223612940e+00 -3.992131427580397851e+00 -2.828630233454218601e+00 -2.667459418162806184e+00
-3.310579624511963970e-01 -8.105562616807921117e+00 -3.020191256089355569e+00 -4.190481386374035111e+00 -7.456533518476257116e-01 -5.928022831019607031e-01 -3.927737302925071283e+00 -1.929342028952139687e+00 -3.995429996053800448e+00 -2.829981797039328839e+00 -2.667316143735236178e+00
-1.781564748206761473e-01 -8.068616128677371435e+00 -3.020837716535828665e+00 -4.213464550975750456e+00 -6.489856943658460775e-01 -5.853284689758155857e-01 -3.924643948778064217e+00 -1.922057920291569300e+00 -3.998809121164891067e+00 -2.831322416726537394e+00 -2.667171196781066733e+00
-9.114539528661461110e-02 -8.046051306277796300e+00 -3.021161176966194795e+00 -4.226982463854215943e+00 -5.962057266938584066e-01 -5.814836933180307366e-01 -3.923065264743584635e+00 -1.918310497549081894e+00 -4.000542676816689180e+00 -2.831991537198264908e+00 -2.667096976462533409e+00
4.591175513190749735e-03 -8.019760788330174250e+00 -3.021482829152832839e+00 -4.242210198963432433e+00 -5.401437383220228927e-01 -5.775705859955998500e-01 -3.921469420558759467e+00 -1.914496585424808384e+00 -4.002301599626451711e+00 -2.832655733081507421e+00 -2.667021518480782394e+00
1.109854827700765822e-01 -7.988631156412982826e+00 -3.021802286757966804e+00 -4.259533716041381979e+00 -4.803676121309983782e-01 -5.735786443050818750e-01 -3.919854663739268830e+00 -1.910606261092649083e+00 -4.004088280377939846e+00 -2.833314246801943881e+00 -2.666944399549924682e+00
2.307365087294497574e-01 -7.951011585319225361e+00 -3.022118794892483251e+00 -4.279474342152591149e+00 -4.163533518045777759e-01 -5.694922549632424058e-01 -3.918218303995733454e+00 -1.906624886882624104e+00 -4.005906376146870507e+00 -2.833965314039698757e+00 -2.666864934553054844e+00
3.677789812681085957e-01 -7.904357784340219517e+00 -3.022431151062966670e+00 -4.302757588273752987e+00 -3.474402835659107236e-01 -5.652873970092731071e-01 -3.916555834060774899e+00 -1.902529763283025810e+00 -4.007761736280476939e+00 -2.834606203567496596e+00 -2.666782187458408337e+00
5.280746725426992416e-01 -7.844541550677919695e+00 -3.022737463474594932e+00 -4.330413140731387500e+00 -2.728313734088614328e-01 -5.609296901683880066e-01 -3.914861292870991605e+00 -1.898288578581523778e+00 -4.009662292158434838e+00 -2.835232583857985045e+00 -2.666694706665353909e+00
6.173665469159785868e-01 -7.808767252150442317e+00 -3.022884467896470362e+00 -4.345924669007324326e+00 -2.339624881039101822e-01 -5.587269008915290991e-01 -3.914017627143974387e+00 -1.896146205228154802e+00 -4.010612405932925562e+00 -2.835532231558308691e+00 -2.666649525443468338e+00
7.158223088633189901e-01 -7.767113495589739181e+00 -3.023028534029348791e+00 -4.363035114759258981e+00 -1.934195305938450904e-01 -5.564692718505859226e-01 -3.913163744262612820e+00 -1.893951956648841417e+00 -4.011576983967477972e+00 -2.835825002927575778e+00 -2.666602270489918602e+00
8.253446883435254788e-01 -7.718001633527773464e+00 -3.023168749988454529e+00 -4.381992835584116897e+00 -1.511305833644232821e-01 -5.541483546126995119e-01 -3.912298536480840472e+00 -1.891698126150307191e+00 -4.012557696839315291e+00 -2.836108802140068441e+00 -2.666552418769566835e+00
9.484392351132694410e-01 -7.659232457890254864e+00 -3.023303671766202960e+00 -4.403078490142982027e+00 -1.070762026531669742e-01 -5.517548135424283906e-01 -3.911421149823923304e+00 -1.889376361261984716e+00 -4.013556096835165121e+00 -2.836380388346327219e+00 -2.666499282772993418e+00
1.088078587186386281e+00 -7.587921397749249230e+00 -3.023430971307511150e+00 -4.426533478482005179e+00 -6.142036774530831855e-02 -5.492833117641683360e-01 -3.910532620750549526e+00 -1.886982600986349734e+00 -4.014571822468719908e+00 -2.836634553667069625e+00 -2.666441968145184749e+00
1.247305272992112801e+00 -7.500576403601483477e+00 -3.023546975909013668e+00 -4.452421603689047380e+00 -1.469408092762770901e-02 -5.467399333668832018e-01 -3.909638075751774355e+00 -1.884524420054424665e+00 -4.015600139811242641e+00 -2.836863150157613145e+00 -2.666379425508529355e+00
1.427848974378521429e+00 -7.393923860663225156e+00 -3.023646297668207694e+00 -4.480345157548178747e+00 3.192931450195388154e-02 -5.441560635311398775e-01 -3.908750345142676164e+00 -1.882034481334700304e+00 -4.016627712329143840e+00 -2.837054307141422260e+00 -2.666310754956900286e+00
1.534134603241319228e+00 -7.327583081614851501e+00 -3.023691127224949593e+00 -4.495991279024487142e+00 5.654046643951528284e-02 -5.427606599171416191e-01 -3.908279564002662632e+00 -1.880693721616141012e+00 -4.017176114636178852e+00 -2.837137799925456783e+00 -2.666270917779443916e+00
1.645286696446079944e+00 -7.255448613395212298e+00 -3.023728387939289330e+00 -4.511638463392035447e+00 8.018597382547841546e-02 -5.413887389822819030e-01 -3.907822133813729337e+00 -1.879378909780709206e+00 -4.017711728805635651e+00 -2.837204317337277626e+00 -2.666229352401395580e+00
1.759926459691605771e+00 -7.178202175961466480e+00 -3.023757421030255355e+00 -4.526961271926854380e+00 1.024899778856419169e-01 -5.400573937759755028e-01 -3.907382828880305858e+00 -1.878106733335182632e+00 -4.018229046355219936e+00 -2.837252318761630310e+00 -2.666186346932140516e+00
1.876501590248438989e+00 -7.096822334522111753e+00 -3.023778094873094791e+00 -4.541658820406332175e+00 1.231780554058826693e-01 -5.387808028865427312e-01 -3.906965127480272137e+00 -1.876890778640807333e+00 -4.018723865998658162e+00 -2.837281414110814026e+00 -2.666142322018004940e+00
1.993664126530118486e+00 -7.012302784619659946e+00 -3.023790739555696216e+00 -4.555509832765974210e+00 1.421181314454420253e-01 -5.375674277510825716e-01 -3.906570515953942557e+00 -1.875738872482275443e+00 -4.019194155982640737e+00 -2.837292207747687645e+00 -2.666097729232490110e+00
2.110477689000066714e+00 -6.925460124154341202e+00 -3.023796000512569471e+00 -4.568392040664232212e+00 1.593155032702100182e-01 -5.364195831423127503e-01 -3.906198559805624804e+00 -1.874652764436362862e+00 -4.019640044129269008e+00 -2.837286036304636383e+00 -2.666052972347905836e+00
2.226453096434804380e+00 -6.836847124073639037e+00 -3.023794672407783768e+00 -4.580270178291514505e+00 1.748728761455395353e-01 -5.353348766883377907e-01 -3.905847510727330274e+00 -1.873629612533551203e+00 -4.020063176670370275e+00 -2.837264623534692110e+00 -2.666008373579388468e+00
2.341490272186622423e+00 -6.746743079984875990e+00 -3.023787570918555545e+00 -4.591171539635237053e+00 1.889463253470254345e-01 -5.343079344830800048e-01 -3.905514900517235599e+00 -1.872663721529710390e+00 -4.020466070152736826e+00 -2.837229768984235623e+00 -2.665964163479109583e+00
2.455736588405240894e+00 -6.655231502150631862e+00 -3.023775469607536515e+00 -4.601156113618826815e+00 2.017108511876964105e-01 -5.333321726782001004e-01 -3.905198073836158468e+00 -1.871748308048304610e+00 -4.020851519490047821e+00 -2.837183212387857978e+00 -2.665920484663172996e+00
2.647944051459946824e+00 -6.497107614815377019e+00 -3.023745481873885588e+00 -4.616165045997774996e+00 2.207574188359864853e-01 -5.317817361693751854e-01 -3.904692006710441810e+00 -1.870297877774510287e+00 -4.021470194720448532e+00 -2.837082122158976816e+00 -2.665848154317404628e+00
2.840987112715587237e+00 -6.333503724386402745e+00 -3.023705239720209548e+00 -4.629129205624352927e+00 2.371482977710467621e-01 -5.303321080448251124e-01 -3.904214887488786534e+00 -1.868945753101109553e+00 -4.022056467617409758e+00 -2.836956851850430450e+00 -2.665777700603224609e+00
3.036942001557642268e+00 -6.163120295604957555e+00 -3.023656512434048427e+00 -4.640338065096417886e+00 2.513806078256460852e-01 -5.289616723907674123e-01 -3.903759347196442686e+00 -1.867670279875033756e+00 -4.022618397581218197e+00 -2.836811531504643824e+00 -2.665709150455078280e+00
3.238011945609152065e+00 -5.984343988437435868e+00 -3.023600570904891871e+00 -4.650026380738302656e+00 2.638166150722887626e-01 -5.276542638046033407e-01 -3.903320091175032314e+00 -1.866455351521870254e+00 -4.023161823671929760e+00 -2.836649129541031655e+00 -2.665642459544124154e+00
3.446463177340558293e+00 -5.795361868750397605e+00 -3.023538389614097266e+00 -4.658381284730277017e+00 2.747279022220717737e-01 -5.263977886271012929e-01 -3.902893276822153812e+00 -1.865288980942663821e+00 -4.023691008522487067e+00 -2.836471908600782132e+00 -2.665577546745877768e+00
3.664885699561240884e+00 -5.593936688860308593e+00 -3.023470671948043531e+00 -4.665552292753797126e+00 2.843216930148507737e-01 -5.251829906153114846e-01 -3.902476030363333681e+00 -1.864162011258391871e+00 -4.024209158245101392e+00 -2.836281553578511971e+00 -2.665514338644555004e+00
3.896523106045568507e+00 -5.377117761931544671e+00 -3.023397951312881471e+00 -4.671667073501513556e+00 2.927664757520758165e-01 -5.240026695918191812e-01 -3.902066208702625438e+00 -1.863067376951891507e+00 -4.024718697849546167e+00 -2.836079476615140038e+00 -2.665452735854278998e+00
4.144439743793212116e+00 -5.142048679134276767e+00 -3.023320642928844837e+00 -4.676815875086224317e+00 3.001823421661261593e-01 -5.228514774607737614e-01 -3.901662223804891028e+00 -1.861999867360750960e+00 -4.025221441761973828e+00 -2.835866754941028134e+00 -2.665392639661402274e+00
4.412581030242212599e+00 -4.884934347258013787e+00 -3.023239114830857055e+00 -4.681066005598650825e+00 3.066542221750117592e-01 -5.217258477708177633e-01 -3.901263070953028489e+00 -1.860956006455324330e+00 -4.025718533116076969e+00 -2.835644261011494471e+00 -2.665333983203153512e+00
4.706478395621679134e+00 -4.600385058474062205e+00 -3.023153640568075673e+00 -4.684482538859809253e+00 3.122604122830749951e-01 -5.206228670146935134e-01 -3.900867992573099574e+00 -1.859932981841770916e+00 -4.026210852749081859e+00 -2.835412771388952535e+00 -2.665276691291115441e+00
5.031425345556709061e+00 -4.283214343899405918e+00 -3.023064448677101002e+00 -4.687113692408096277e+00 3.170610962720458725e-01 -5.195402845815957349e-01 -3.900476407248802957e+00 -1.858928625463735829e+00 -4.026699078435244772e+00 -2.835172906872485132e+00 -2.665220702317480317e+00
