0.000000000000000000e+00
1.162229753532438905e-07
2.127044732875337168e-06
2.228826845290343182e-05
9.017883809391725330e-05
1.958156752498037528e-04
3.971167881927183791e-04
5.970960806259607455e-04
7.960243287314883133e-04
9.937855517760311834e-04
1.295880250477360329e-03
1.595363541430489885e-03
1.892760664746888670e-03
2.188245415884552611e-03
2.785967101285855008e-03
3.379226414700188183e-03
3.525797413604873226e-03
3.672508581747795445e-03
3.818768713701974418e-03
3.881129739670159846e-03
3.943465766279646671e-03
4.057143197270995580e-03
4.170729361759519666e-03
4.219814858493712434e-03
4.268905397387943654e-03
4.317966599438993573e-03
4.419194434338023433e-03
4.520424249596139213e-03
4.573451105274740393e-03
4.626465134494720660e-03
4.679490334883688180e-03
4.732549152021115271e-03
4.758769719925714028e-03
4.785029333749284824e-03
4.811309990812665145e-03
4.837618350880776817e-03
4.850296735796190938e-03
4.862993434217720290e-03
4.875700958935523174e-03
4.888430758199598623e-03
4.895269500161679270e-03
4.902115984246092906e-03
4.908976902193797759e-03
4.915852083513339542e-03
4.919390591289856535e-03
4.922943471994686328e-03
4.926506918998435278e-03
4.930092426819908911e-03
