3.880301354217035592e-01 2.528571985304358116e-01 2.508346799786090320e-01 -4.947380994020575407e-02 2.259678635567012595e-01 3.394337567257507682e-02 4.263143801089693263e-01 2.600985800945782578e-01 4.133652680905537946e-01 -1.486860144264564587e-01 4.704008501835192924e-01 -6.463581707045140679e-02 9.390526465606563455e-03
3.880303397976402890e-01 2.528572342993580246e-01 2.508348136478484869e-01 -4.947382995370390446e-02 2.259679016115218597e-01 3.394345446500194458e-02 4.263145023349587670e-01 2.600986506639337281e-01 4.133653803402446147e-01 -1.486860576526825295e-01 4.704009804859325961e-01 -6.463589701587933722e-02 9.390533821765245648e-03
3.880372855172203872e-01 2.528621343906005126e-01 2.508395283138855625e-01 -4.947493195627693935e-02 2.259753438423977578e-01 3.394398226856472356e-02 4.263233655541782130e-01 2.601031906005910055e-01 4.133740247586257244e-01 -1.486894685225383372e-01 4.704118833549833512e-01 -6.463697591557816813e-02 9.390684945842667913e-03
3.880541503784851187e-01 2.528737024733382910e-01 2.508513658285684289e-01 -4.947767807377887600e-02 2.259936701675932247e-01 3.394535182457075057e-02 4.263449084096866959e-01 2.601143587359976417e-01 4.133950485110532980e-01 -1.486977590268880600e-01 4.704386812967761844e-01 -6.463970190093837331e-02 9.391046680756263976e-03
3.882312857624380942e-01 2.529980610751539905e-01 2.509726945159678757e-01 -4.950559032905865742e-02 2.261740262860612305e-01 3.395786382616415577e-02 4.265659356543123892e-01 2.602291635555361582e-01 4.136102899339720307e-01 -1.487827593697202133e-01 4.707104518606238241e-01 -6.466819992762282143e-02 9.395126614173777979e-03
3.897710583710373156e-01 2.540798118116621152e-01 2.520705390831921577e-01 -4.976530497479749598e-02 2.280587644914381096e-01 3.406820860387038685e-02 4.286142957853915636e-01 2.612792252059145670e-01 4.156115418590282662e-01 -1.495760075238146136e-01 4.733914314666031742e-01 -6.493773255504094177e-02 9.428193196855470803e-03
3.939298921209692939e-01 2.569046630538884268e-01 2.550613295606601327e-01 -5.045203548417014766e-02 2.326807130503798227e-01 3.437451785549443944e-02 4.339747848060706015e-01 2.640590888115335599e-01 4.208387291833992072e-01 -1.516398663767423438e-01 4.801355466862916588e-01 -6.562006676871316724e-02 9.522364714901117647e-03
3.979391814594382959e-01 2.596492601761520858e-01 2.579665874501783640e-01 -5.112590448967752055e-02 2.372342615665378740e-01 3.464560781875856976e-02 4.391782801176195572e-01 2.667250937141799061e-01 4.259164445728912396e-01 -1.536547502530120346e-01 4.866963318998738797e-01 -6.625077834983561509e-02 9.610551243587060408e-03
4.093735224752607649e-01 2.678524959310784603e-01 2.661776786187683985e-01 -5.305231438951842765e-02 2.504500817882896468e-01 3.527365721532273179e-02 4.543118910523308296e-01 2.746138468458943493e-01 4.406848981454375980e-01 -1.594966507332775951e-01 5.059060952918976728e-01 -6.805216898897614719e-02 9.866477863356483760e-03
4.206649058973918054e-01 2.758121316200168316e-01 2.743669365494360024e-01 -5.499876968668224175e-02 2.640478517953218640e-01 3.607927985057581000e-02 4.692260802078216386e-01 2.822453920985706910e-01 4.552481230987998062e-01 -1.653272031819668919e-01 5.252540080842711401e-01 -6.996022741293982106e-02 1.011606015457851108e-02
4.427157385373916010e-01 2.918778488307437469e-01 2.902034204966891240e-01 -5.885911335280923778e-02 2.925671355789549732e-01 3.740038415905710262e-02 4.993091379958659037e-01 2.975964369993294723e-01 4.846904521574181834e-01 -1.770907756436301550e-01 5.654274774280678706e-01 -7.383081591626583506e-02 1.057436216475809120e-02
4.484380977150019820e-01 2.960499328236897987e-01 2.942681652923395119e-01 -5.985025085383573196e-02 2.999944026782068729e-01 3.770736002518335767e-02 5.071728563844493110e-01 3.015935210547087686e-01 4.923802572943440370e-01 -1.801644791074405172e-01 5.758722383723460236e-01 -7.480968074966856673e-02 1.069496405026178210e-02
4.543007001678177614e-01 3.002244099890766793e-01 2.984570215010028948e-01 -6.086230918993058847e-02 3.071571982791461153e-01 3.810228594841221644e-02 5.149904225755969067e-01 3.055355521463377078e-01 5.000157890471766953e-01 -1.832397844609489901e-01 5.859787442254911216e-01 -7.576399451319730527e-02 1.082307200152742184e-02
4.677473835181429340e-01 3.102788737344850944e-01 3.081146773953125084e-01 -6.325750900778417951e-02 3.247362418030010356e-01 3.866272909403221936e-02 5.335232310255414445e-01 3.148539006584039068e-01 5.181393501367065335e-01 -1.905582282740580780e-01 6.105313971005331686e-01 -7.799216670956837794e-02 1.110836021506885797e-02
4.805828929119936865e-01 3.199486683624616079e-01 3.174712667453110093e-01 -6.565182953470261040e-02 3.435963720636830976e-01 3.928639174208025525e-02 5.520250227556540157e-01 3.240122100103509650e-01 5.362753474284158717e-01 -1.979509274252963524e-01 6.359594571235289706e-01 -8.025131643982830187e-02 1.136321503028243050e-02
4.954571120542513030e-01 3.309582987958293310e-01 3.282355807099139877e-01 -6.833008030852424919e-02 3.638015585852111822e-01 3.984989827925328187e-02 5.727322519420129376e-01 3.342394328009620219e-01 5.564876591474796630e-01 -2.062362227395424519e-01 6.638442087630920252e-01 -8.273834036024133032e-02 1.170798003644152319e-02
4.994029864337379832e-01 3.338123485658881506e-01 3.310879233561913604e-01 -6.903121482304702683e-02 3.688484198216521182e-01 4.006620324089437551e-02 5.780971847383189477e-01 3.368950620220894643e-01 5.617192826416506080e-01 -2.083828147366940942e-01 6.708531460331931262e-01 -8.337049533991335026e-02 1.180121518468162274e-02
5.027270484468711054e-01 3.364152646121140178e-01 3.335521781700457322e-01 -6.966684862567376624e-02 3.739739175926297121e-01 4.010906814065827442e-02 5.830041943697245044e-01 3.392786855334442575e-01 5.665091798165000636e-01 -2.103744436267785956e-01 6.777082768518855049e-01 -8.394660164388931256e-02 1.188284892791058311e-02
5.041050228721229987e-01 3.374551253831685194e-01 3.345586325131901240e-01 -6.992529895231852644e-02 3.759875941167624691e-01 4.017047343189106973e-02 5.849859697822191729e-01 3.402551524683737894e-01 5.684505859480865064e-01 -2.111714441891655303e-01 6.804201227764105075e-01 -8.418343734507065246e-02 1.191092521158668670e-02
5.052724655125699904e-01 3.382937814262220177e-01 3.354500366250952048e-01 -7.014879553568470483e-02 3.776851115084640664e-01 4.021770107878071959e-02 5.866482208587104896e-01 3.410357123668922852e-01 5.700664721614437935e-01 -2.118559114351406814e-01 6.826579257268237111e-01 -8.437179540309754089e-02 1.194387938100787382e-02
5.077198753671867681e-01 3.400907687799476498e-01 3.372605938198137143e-01 -7.060488716235499562e-02 3.810538685614979215e-01 4.033713465690611649e-02 5.900445098246691611e-01 3.426896122445080572e-01 5.733801832844439561e-01 -2.132333119285955148e-01 6.872218249590067440e-01 -8.479286792712736887e-02 1.200195666055541704e-02
5.102185602719082613e-01 3.419148860142463553e-01 3.391210807662120574e-01 -7.107337885446135539e-02 3.846097569746974032e-01 4.045812681797009147e-02 5.935870268955721896e-01 3.444205702663998281e-01 5.768429695502325094e-01 -2.146628742413703439e-01 6.920181826044398132e-01 -8.521009422688205492e-02 1.205779741855734534e-02
5.166495634282697313e-01 3.468580192475130830e-01 3.438184150541216400e-01 -7.229631056294953673e-02 3.944447567468546967e-01 4.068698032407056658e-02 6.030247129344840085e-01 3.490251389065787690e-01 5.860820819241578938e-01 -2.184804894689545973e-01 7.051476097107144403e-01 -8.634297013005269583e-02 1.219415231747003441e-02
5.279379314408544355e-01 3.556349933520703277e-01 3.521935985169641903e-01 -7.448059500236363373e-02 4.121130050093573804e-01 4.094978683389648155e-02 6.197844687963635080e-01 3.571760237536206195e-01 6.024790569619525860e-01 -2.252839523971821023e-01 7.286812201705346048e-01 -8.833433357754076620e-02 1.244642608385996586e-02
5.481719414815090508e-01 3.716067385031110448e-01 3.673995242166055997e-01 -7.849112460162378790e-02 4.448681299006782552e-01 4.117848543028897190e-02 6.502857202321620234e-01 3.718681490048544869e-01 6.323129301464190943e-01 -2.377614446185764285e-01 7.719552839278054357e-01 -9.191720216599258420e-02 1.291271421030889752e-02
5.874916853854931231e-01 4.028514421236848442e-01 3.974216312040673160e-01 -8.660010889404404222e-02 5.125650286988602256e-01 4.162426756699149494e-02 7.112413270492636830e-01 4.006964338047978025e-01 6.919544015362635303e-01 -2.630636820303542955e-01 8.595067168710158745e-01 -9.884465537314121586e-02 1.383231501466078081e-02
6.272516071354853340e-01 4.368916283452040084e-01 4.289497930701609008e-01 -9.559070344817943710e-02 5.927989605920965799e-01 4.050986458450241134e-02 7.783330200442981628e-01 4.314510781035095777e-01 7.575782413001639348e-01 -2.916081168348863550e-01 9.599994632911152959e-01 -1.059337429388707424e-01 1.486530382004143044e-02
6.628871072714574986e-01 4.723970084675146452e-01 4.589260015146951477e-01 -1.050315303721509053e-01 6.862947034140998159e-01 3.643321046622709919e-02 8.483550026646570208e-01 4.621163767716076065e-01 8.261315871007128830e-01 -3.224365247843272719e-01 1.072493010606479613e+00 -1.127138961904842196e-01 1.589519413930037470e-02
6.900778347196057094e-01 5.065516514048240548e-01 4.844463574538933615e-01 -1.143933827472568832e-01 7.921446871871140605e-01 2.913757456214869507e-02 9.174159647271877827e-01 4.905235796571859597e-01 8.939178100445128727e-01 -3.542370086124748685e-01 1.193900823037128633e+00 -1.185774787804775160e-01 1.678640261629793864e-02
7.069199417981747446e-01 5.383210326124482359e-01 5.048173972556261324e-01 -1.235786873105269024e-01 9.117754149751224890e-01 1.834536241781067889e-02 9.847357083709924463e-01 5.162628504425406106e-01 9.601393448100427053e-01 -3.868591945955989209e-01 1.325008774302139036e+00 -1.233786669096222643e-01 1.755791833740530036e-02
7.084010308230045405e-01 5.652594008021160077e-01 5.164958828782159062e-01 -1.318318296855082172e-01 1.041625726543135899e+00 3.206159135204434546e-03 1.044618756080393229e+00 5.365126500002268539e-01 1.019194031534845113e+00 -4.181843823176360497e-01 1.460488799524671366e+00 -1.264876826162789070e-01 1.815332138165366704e-02
6.877318265033557365e-01 5.832154551456235625e-01 5.139890274056593267e-01 -1.377485760135987169e-01 1.173111131659926087e+00 -1.703413323466153317e-02 1.087659907557154026e+00 5.468400969088421659e-01 1.061781065431478099e+00 -4.443705573006397347e-01 1.589037255651317038e+00 -1.268168246337644522e-01 1.850027127369671329e-02
6.455954195528510464e-01 5.926308115419248734e-01 4.975579621843377875e-01 -1.412271819121509175e-01 1.306021990407745692e+00 -4.205961407430851978e-02 1.114056677044311439e+00 5.481272170429989377e-01 1.088072275373996645e+00 -4.650840034223562292e-01 1.711345727139826467e+00 -1.246044551082720608e-01 1.860619400246794550e-02
5.843911465675780681e-01 5.930129166504163329e-01 4.687235036028368773e-01 -1.421616764365114249e-01 1.436718239425315513e+00 -7.060921591721419643e-02 1.122895899509074757e+00 5.407416749307701886e-01 1.097117696157294819e+00 -4.794013780312058604e-01 1.824838315259607269e+00 -1.201389652392518964e-01 1.850480986038161718e-02
5.066072791289608634e-01 5.837275111616819778e-01 4.283817225722033606e-01 -1.402332816755259282e-01 1.558724088492186244e+00 -1.012616971930341836e-01 1.112112737981297839e+00 5.244244139175191499e-01 1.086854906244305363e+00 -4.858217090954571882e-01 1.923679701401350028e+00 -1.133661580535351848e-01 1.820173786528242119e-02
4.149006576606502628e-01 5.645037019133435363e-01 3.773292875394888557e-01 -1.351421611675187595e-01 1.668330522643763469e+00 -1.328227748829574062e-01 1.080233136008266204e+00 4.992560204033644200e-01 1.055870175304560954e+00 -4.828912103335232242e-01 2.005252267503027319e+00 -1.047065404038401704e-01 1.763865172035777515e-02
3.137951629106579543e-01 5.342501286435936692e-01 3.179591586843783513e-01 -1.267641842152831266e-01 1.757354896413495515e+00 -1.626995577264408188e-01 1.025588574144356890e+00 4.651185265010243097e-01 1.002548927748171614e+00 -4.690055724732855036e-01 2.061926708025214605e+00 -9.442636168601559188e-02 1.676513233186798651e-02
2.147688589712949958e-01 4.977376278358485728e-01 2.578196746908166248e-01 -1.165819058523835938e-01 1.827384812604656794e+00 -1.882277507485400070e-01 9.570090450815990080e-01 4.265071722088952244e-01 9.355624939720746935e-01 -4.473668341530999681e-01 2.098863717234034976e+00 -8.371135600342850813e-02 1.569237845532219303e-02
1.251703264763994461e-01 4.581932272986841137e-01 2.018025764448881931e-01 -1.055519303188368341e-01 1.880183228918463234e+00 -2.082764484788766912e-01 8.810784109615543702e-01 3.864633460347146610e-01 8.611988706900659540e-01 -4.205397262095033062e-01 2.120239551710426440e+00 -7.330709681317285065e-02 1.463340988591176929e-02
4.849417430157550168e-02 4.183791703783396598e-01 1.525380733794572952e-01 -9.457988877859810350e-02 1.919334898260996347e+00 -2.223201994001431092e-01 8.038697061338312411e-01 3.475248562450779510e-01 7.854431877649883376e-01 -3.912729783221381430e-01 2.130372732149611981e+00 -6.356399024533307407e-02 1.364919967774716469e-02
-1.504486440770429201e-02 3.810755179670003434e-01 1.110268713589722261e-01 -8.444993163854334906e-02 1.957926258448630330e+00 -2.316888271608529837e-01 7.316334757932189126e-01 3.121962488841408812e-01 7.145683419201858122e-01 -3.626257643794525420e-01 2.143637093009480576e+00 -5.497302436677750648e-02 1.272190920137942355e-02
-6.793042656919864863e-02 3.468214631410804216e-01 7.588471924227287169e-02 -7.516318416259532009e-02 2.001233632274798779e+00 -2.380509792364162158e-01 6.652519463436703528e-01 2.805626625307129363e-01 6.494986908645649093e-01 -3.353147012436220598e-01 2.164989155555693490e+00 -4.727916839871276061e-02 1.182306861106747001e-02
-1.100701958481045684e-01 3.163756195637081881e-01 4.705292074496243010e-02 -6.689590702575282100e-02 2.049857840559748734e+00 -2.418125058532653027e-01 6.053234344572310244e-01 2.526294227062492181e-01 5.907793452937312173e-01 -3.098832848617681379e-01 2.194936364518143890e+00 -4.053839799770060648e-02 1.098812649279983476e-02
-1.432569304831590173e-01 2.893162181221040630e-01 2.350282911644368741e-02 -5.948040342920627582e-02 2.106762528756410902e+00 -2.438384082912979645e-01 5.513453491632778203e-01 2.279069849274588666e-01 5.377935771853191715e-01 -2.863269048750285428e-01 2.236236933953985595e+00 -3.462075638455571619e-02 1.029148693876847862e-02
-1.692017906977784369e-01 2.657628068066033578e-01 4.525195212009005055e-03 -5.303134510917008326e-02 2.175825013489966153e+00 -2.444779473637691825e-01 5.041107629543554181e-01 2.065577755505084712e-01 4.913939369374077937e-01 -2.652862039372345104e-01 2.292064017862760927e+00 -2.939290984208200661e-02 9.697418012319344513e-03
-2.003230145689529340e-01 2.335397054466319400e-01 -1.898417032152756312e-02 -4.436078772776630430e-02 2.339672886215439895e+00 -2.434927522949230094e-01 4.391805383320541711e-01 1.776005460613667708e-01 4.276795052753827875e-01 -2.358531585141737108e-01 2.438552441172896934e+00 -2.234283600482761881e-02 8.835946099196816464e-03
-2.062251354861427133e-01 2.265710182720642174e-01 -2.362871872911670099e-02 -4.250731419918538090e-02 2.390571787609977683e+00 -2.429338881339506429e-01 4.250737197498428710e-01 1.714017931160507491e-01 4.138622844230571141e-01 -2.293431993622861986e-01 2.485826503301109547e+00 -2.083319303305443057e-02 8.632915308111156066e-03
-2.115643856420028057e-01 2.199490464128223688e-01 -2.788924434741701236e-02 -4.073814548697742705e-02 2.444556183596021448e+00 -2.423643502016449014e-01 4.116309602771254239e-01 1.655157421701420883e-01 4.006898415157490456e-01 -2.230941359305106397e-01 2.536321988601103250e+00 -1.930267076799831866e-02 8.442624344026698757e-03
-2.186087709298819570e-01 2.104331575397078713e-01 -3.352173856048659001e-02 -3.824602939102204197e-02 2.546288398894641869e+00 -2.414438659712485891e-01 3.921849592165836396e-01 1.569970036902539612e-01 3.816167943037075405e-01 -2.140567081394110505e-01 2.633211056829546592e+00 -1.709543123600949441e-02 8.181001086965740410e-03
-2.238968251470402626e-01 2.019350200638415638e-01 -3.791165360744069845e-02 -3.609727863601724235e-02 2.663636006393756084e+00 -2.401274210599964876e-01 3.747563585088254379e-01 1.493916468524741359e-01 3.645179348019068066e-01 -2.059319145472894574e-01 2.746214126185787308e+00 -1.513335603554247580e-02 7.954877468518212896e-03
-2.283849981461682499e-01 1.938332033325964321e-01 -4.182950971219521336e-02 -3.405083746568000197e-02 2.797010623846119426e+00 -2.385915454095223209e-01 3.582772459907827001e-01 1.422411786956793434e-01 3.483461879791378557e-01 -1.981577634447300174e-01 2.875375036664267636e+00 -1.320568357348691525e-02 7.742901984476780429e-03
-2.326562369046997758e-01 1.862335811022651222e-01 -4.552235863033748248e-02 -3.211631739194874269e-02 2.957440282886536043e+00 -2.373037311144473027e-01 3.429773360448349351e-01 1.356364156544760668e-01 3.333318910476008590e-01 -1.908808030853000048e-01 3.032040729418465475e+00 -1.148760059525536815e-02 7.542194604126488747e-03
-2.363328341308334191e-01 1.791888339338537084e-01 -4.886521108074821235e-02 -3.030750383581217594e-02 3.148231846130293832e+00 -2.360425634884184831e-01 3.287432757079335466e-01 1.295241451874171723e-01 3.193667358273399870e-01 -1.840610701482893463e-01 3.219438114214803637e+00 -9.898869271179356125e-03 7.353519404486379488e-03
-2.391114256620383571e-01 1.725748881543011926e-01 -5.182428836330920524e-02 -2.860615574031245140e-02 3.370043595953278626e+00 -2.345052201872203645e-01 3.151056211557384246e-01 1.237271570800658610e-01 3.060592389197990260e-01 -1.774394196441876903e-01 3.438089484529870177e+00 -8.295823628717530207e-03 7.120617780941885903e-03
-2.413450169725059047e-01 1.636388316596126269e-01 -5.491212755404403095e-02 -2.640675340256603068e-02 3.808989078088480529e+00 -2.318657495512648214e-01 2.962443978441930970e-01 1.157435919604276747e-01 2.876424533495619551e-01 -1.682399144027285076e-01 3.873037448472691047e+00 -6.195450334920271987e-03 6.806257320965270440e-03
-2.425482612391754444e-01 1.556312090746483079e-01 -5.712374252858574974e-02 -2.448001139951453548e-02 4.423623476654395148e+00 -2.292602955045776048e-01 2.795740960193662805e-01 1.086964476132487173e-01 2.712900989284836029e-01 -1.600650913099449513e-01 4.484075834967771179e+00 -4.233144026985196512e-03 6.583489236871095315e-03
-2.430783213768776818e-01 1.487408275385931344e-01 -5.891796745992888135e-02 -2.279224840205733640e-02 5.327421159695123976e+00 -2.268142066365080034e-01 2.650936518686854981e-01 1.025808545568682173e-01 2.571068312559560698e-01 -1.529268841256756217e-01 5.384544724847586394e+00 -2.270774630733068348e-03 6.374593190277733253e-03
-2.430147622748317637e-01 1.458262958324082481e-01 -5.954123079970328331e-02 -2.208663097725881153e-02 5.903070826732929710e+00 -2.256547443230407513e-01 2.589082524571229560e-01 9.997354680361474066e-02 2.510405783007980673e-01 -1.498689954548964032e-01 5.958734162594181427e+00 -1.449291923124793957e-03 6.290669766464071500e-03
