0.000000000000000000e+00
2.629447025715200281e-01
1.043138843205509389e-04
1.043123073423655604e-04
1.043041629043459740e-04
1.042977544291111232e-04
1.047792474547592194e-04
1.059445240400560330e-04
1.116992887857517027e-04
1.209824298470324949e-04
1.435946462823733288e-04
1.499280569532228098e-04
1.565220947093360260e-04
1.721414541439805909e-04
1.886401782443054202e-04
2.057869469448858515e-04
2.100196573768484684e-04
2.142759676915448330e-04
2.158752846061409302e-04
2.174769702645876982e-04
2.203127030041111020e-04
2.231565165007139866e-04
2.306664180238849335e-04
2.435487539066831823e-04
2.659206213082570148e-04
3.067691199239635852e-04
3.475295022370349053e-04
3.876580194726123051e-04
4.266074322331433913e-04
4.641398888905582418e-04
5.001658291008395305e-04
5.348024005726263047e-04
5.678418026473670008e-04
5.994559051710611920e-04
6.304123431576181061e-04
6.608792288717621043e-04
6.910532759155580459e-04
7.215605642305919325e-04
7.529457900236678856e-04
7.854226213025467668e-04
8.191857288049593597e-04
8.544288996980265415e-04
8.911125837601198895e-04
9.292365176934121781e-04
9.687884704204162119e-04
1.038169114610323863e-03
1.056140588336914026e-03
1.074310617808058163e-03
1.104319624921009779e-03
1.134905757647636758e-03
1.165990328479049728e-03
1.197520059666401255e-03
1.229560227745475891e-03
1.262060421490992460e-03
1.313001544393648488e-03
1.364861567982983762e-03
1.417550920356658133e-03
1.442472885547262237e-03
