0.000000000000000000e+00
2.033019932776868120e-07
2.856048166240107026e-06
5.508794339202526842e-06
8.161540512164947082e-06
3.468900224178915118e-05
2.999636195380311616e-04
2.952709792500451524e-03
2.228758206948937282e-02
3.701373191639859006e-02
5.173988176330780731e-02
8.480378223970157225e-02
1.178676827160953372e-01
1.509315831924891160e-01
1.839954836688828810e-01
2.417753957023451861e-01
3.378090241799838744e-01
4.338426526576225628e-01
5.962096794612947726e-01
7.585767062649670933e-01
9.209437330686394141e-01
1.083310759872311735e+00
1.245677786675984056e+00
1.408044813479656376e+00
1.570411840283328697e+00
1.732778867087001018e+00
1.895145893890673339e+00
2.057512920694345659e+00
2.219879947498017980e+00
2.382246974301690301e+00
2.544614001105362622e+00
2.706981027909034943e+00
2.869348054712707263e+00
3.031715081516379584e+00
3.194082108320051905e+00
3.281116788679897756e+00
3.368151469039743606e+00
3.455186149399589457e+00
3.542220829759435308e+00
3.563979499849396770e+00
3.585738169939358233e+00
3.623652995056325654e+00
3.661567820173293075e+00
3.699482645290260496e+00
3.717053754241895991e+00
3.734624863193531485e+00
3.752195972145166980e+00
3.769767081096802475e+00
3.787338190048437969e+00
3.794758895617771355e+00
3.802179601187104740e+00
3.809600306756438126e+00
3.817021012325771512e+00
3.824441717895104897e+00
3.827774487224977040e+00
3.831107256554849183e+00
