0.000000000000000000e+00
6.605775359245294736e-05
1.156188560152237796e-03
1.205749662575008631e-02
4.861072886454183978e-02
1.060487593096370029e-01
2.159003061184785466e-01
3.257518529273201180e-01
4.356033997361616894e-01
5.454549465450032608e-01
7.145245215270428218e-01
8.835940965090824939e-01
1.052663671491122166e+00
1.221733246473161838e+00
1.565267834864888297e+00
1.908802423256614755e+00
1.994686070354546370e+00
2.080569717452477985e+00
2.166453364550409599e+00
2.203186551676836302e+00
2.239919738803263005e+00
2.306917685339387347e+00
2.373915631875511689e+00
2.402904964293890000e+00
2.431894296712268311e+00
2.460883629130646622e+00
2.520646344377177606e+00
2.580409059623708590e+00
2.611789943776108291e+00
2.643170827928507993e+00
2.674551712080907695e+00
2.705932596233307397e+00
2.721470025667333648e+00
2.737007455101359898e+00
2.752544884535386149e+00
2.768082313969412400e+00
2.775584446968824892e+00
2.783086579968237384e+00
2.790588712967649876e+00
2.798090845967062368e+00
2.802122778068946829e+00
2.806154710170831290e+00
2.810186642272715751e+00
2.814218574374600212e+00
2.816294000142931075e+00
2.818369425911261938e+00
2.820444851679592801e+00
2.822520277447923664e+00
