0.000000000000000000e+00
1.229476701547327901e-08
1.438598275069218208e-05
4.846614557635697883e-05
3.892677738330049429e-04
3.797284056399484638e-03
1.187161172539845724e-02
1.994593939439743072e-02
3.994654352163716504e-02
5.994714764887689590e-02
9.427350328311379091e-02
1.028550921916730199e-01
1.114366811002322488e-01
1.303814492046559137e-01
1.493262173090795786e-01
1.682709854135032435e-01
1.730071774396091666e-01
1.777433694657150898e-01
1.795269560511326412e-01
1.813105426365501927e-01
1.844550199157612980e-01
1.875994971949724033e-01
1.957787522928350066e-01
2.099661719426630102e-01
2.343282385806249868e-01
2.784025855152488238e-01
3.224769324498726331e-01
3.665512793844964423e-01
4.106256263191202516e-01
4.546999732537440608e-01
4.987743201883678701e-01
5.428486671229917349e-01
5.869230140576155996e-01
6.309973609922394644e-01
6.750717079268633292e-01
7.191460548614871939e-01
7.632204017961110587e-01
8.072947487307349235e-01
8.513690956653587882e-01
8.954434425999826530e-01
9.395177895346065178e-01
9.835921364692303825e-01
1.027666483403854247e+00
1.071740830338478112e+00
1.115815177273101977e+00
1.189497073028438434e+00
1.207917546967272493e+00
1.226338020906106552e+00
1.256290784897937440e+00
1.286243548889768329e+00
1.316196312881599217e+00
1.346149076873430106e+00
1.376101840865260995e+00
1.406054604857091883e+00
1.452306114766694245e+00
1.498557624676296607e+00
1.544809134585898969e+00
1.566490891632677629e+00
