-2.469944382490804266e-02 1.164219035597934965e-01 1.038425487905110939e-01 6.334075810750641189e-01 3.244223037893803063e-01 6.085273643249978770e-01 -2.359030666051286640e-01 2.057794869412857275e-01 1.722210021223638532e-02
-2.470334508139767835e-02 1.164212392826564357e-01 1.039056911919953030e-01 6.332582586898719557e-01 3.243438279612864683e-01 6.083672517735316809e-01 -2.358541793569670086e-01 2.056647097884191366e-01 1.722977178977223162e-02
-2.475425497300217520e-02 1.164125759114080366e-01 1.047296223459769637e-01 6.313098844182910563e-01 3.233198709110760571e-01 6.062780835792868084e-01 -2.352162943089942948e-01 2.041670853889970827e-01 1.732987380242578118e-02
-2.475433215298077083e-02 1.164125441700473024e-01 1.047299544090609241e-01 6.313107344427552059e-01 3.233200329931483763e-01 6.062788891812321834e-01 -2.352167648013832602e-01 2.041670441558833260e-01 1.732991002191149391e-02
-2.475441630945270435e-02 1.164125208254231797e-01 1.047303058413454752e-01 6.313116052983434034e-01 3.233202106117896157e-01 6.062797248995278609e-01 -2.352172421296040983e-01 2.041670023541168055e-01 1.732994048057863445e-02
-2.475520561048986587e-02 1.164122804888666485e-01 1.047336935416162823e-01 6.313203297715260787e-01 3.233219243053980785e-01 6.062880031196375974e-01 -2.352220158917992521e-01 2.041666060944150318e-01 1.733029944320139959e-02
-2.476308152077876315e-02 1.164105316823378089e-01 1.047669675129913741e-01 6.314071939209824347e-01 3.233387862423408032e-01 6.063709153983928291e-01 -2.352694543297382812e-01 2.041612950997251652e-01 1.733352245684381676e-02
-2.484564695466618886e-02 1.163902764862940614e-01 1.051270178368558794e-01 6.322806474113473740e-01 3.235127417583930076e-01 6.072030160953195699e-01 -2.357485633786069179e-01 2.041147211372455472e-01 1.736763021905071702e-02
-2.547459568001667410e-02 1.161562647054213970e-01 1.078125931239736490e-01 6.386728639899719173e-01 3.247895597108447774e-01 6.133103492593630079e-01 -2.393022424363717149e-01 2.038609514545522972e-01 1.761347843900369289e-02
-2.594025598460922635e-02 1.160334018007274648e-01 1.097880632844557280e-01 6.437874585825151819e-01 3.258246851688194057e-01 6.181469420840144391e-01 -2.421296862780028536e-01 2.036067392977680413e-01 1.783566267022852758e-02
-2.640830453269823672e-02 1.158537109315303515e-01 1.118048102735496180e-01 6.486530641457987079e-01 3.267082081747322286e-01 6.227470183479417720e-01 -2.448857185632828115e-01 2.032209209443600340e-01 1.805097649245381367e-02
-2.758143699471400645e-02 1.155093814409021424e-01 1.168923434518334414e-01 6.604456691834184046e-01 3.290102793960404393e-01 6.339024426225674524e-01 -2.515643064720294309e-01 2.024802236108306230e-01 1.856115522235397483e-02
-2.868641025861445176e-02 1.148961807266371954e-01 1.215097022365609208e-01 6.719187029843740611e-01 3.310800351185883006e-01 6.447406996447653249e-01 -2.582715649201017261e-01 2.015823493979883307e-01 1.908556904940885909e-02
-2.997764865623614092e-02 1.146099153935369597e-01 1.269537113357425695e-01 6.843514965483942225e-01 3.334794969445999402e-01 6.565796602674729421e-01 -2.654914565779413205e-01 2.005447871355638678e-01 1.957899034172841737e-02
-3.123617353432934715e-02 1.140864148202972994e-01 1.323385442065114492e-01 6.966918250344559249e-01 3.356583477897215895e-01 6.681592669510927340e-01 -2.728854962001248108e-01 1.993445159639389008e-01 2.018579409192609517e-02
-3.357399653178980148e-02 1.129414736572608435e-01 1.424807438212006283e-01 7.181256413203687128e-01 3.389303587375753213e-01 6.882233347697950254e-01 -2.862856706839971288e-01 1.964429572468409380e-01 2.126369141804857615e-02
-3.772824609354170217e-02 1.107545504395208574e-01 1.600918810828903249e-01 7.546797860292280280e-01 3.444770255385303792e-01 7.224774944799206011e-01 -3.098391742891608014e-01 1.911826541866920026e-01 2.312193223928669591e-02
-4.248480355298218936e-02 1.081767603968810249e-01 1.799912802066134798e-01 7.928429111951535990e-01 3.498911042560636231e-01 7.581012901542979465e-01 -3.360802131189624120e-01 1.846656176542812722e-01 2.519829107758946377e-02
-5.170548498480030675e-02 1.027091004828113302e-01 2.183070134431412679e-01 8.555601427484464949e-01 3.561429601917638910e-01 8.158164491913038052e-01 -3.852946116428825896e-01 1.694111878646115121e-01 2.923125556450719559e-02
-6.211280733307392166e-02 9.582260626654404145e-02 2.610039165720397514e-01 9.099526641232162927e-01 3.568089181941048182e-01 8.645899370856346966e-01 -4.389197626410143993e-01 1.485603409648013906e-01 3.373443469160724434e-02
-7.285049630127546361e-02 8.728652501323552748e-02 3.046639596567011221e-01 9.452024587678951040e-01 3.490445042644956253e-01 8.939029928188221286e-01 -4.924382183294805371e-01 1.229786029796191005e-01 3.848609502732103921e-02
-8.293237668750390312e-02 7.815646230568906727e-02 3.444041974026741948e-01 9.551013063221375221e-01 3.325951796351844791e-01 8.981252664780408068e-01 -5.418575909145119107e-01 9.498554051457211433e-02 4.304692325071240305e-02
-9.184676219097641370e-02 6.939827904414093418e-02 3.779767136561593133e-01 9.415445893713758618e-01 3.100522931723566078e-01 8.794778542851550140e-01 -5.858953799376582783e-01 6.783010661112080786e-02 4.716719089425960854e-02
-9.943766125534068967e-02 6.109933871218017204e-02 4.048547116862708517e-01 9.089734969417588850e-01 2.841132049958666750e-01 8.427485292190409760e-01 -6.245675728051235387e-01 4.378163774696256644e-02 5.060370295977771604e-02
-1.051276077250967445e-01 5.405973154073328429e-02 4.231752092030379164e-01 8.628573583322829421e-01 2.569990774855101523e-01 7.933973288174445138e-01 -6.584800793551394138e-01 2.342604397389012189e-02 5.334690439859429006e-02
-1.087889440360332444e-01 4.847598146301665412e-02 4.329363908942537309e-01 8.098360404888432784e-01 2.306242318981234218e-01 7.378635907411125183e-01 -6.901390178471104031e-01 6.798449083435941127e-03 5.553149468309712122e-02
-1.111856116017747309e-01 4.420297357188045922e-02 4.374670871046383858e-01 7.570414249757018155e-01 2.068575215647026067e-01 6.829853120290790836e-01 -7.240028366879678323e-01 -6.218022556467053125e-03 5.736385868503341562e-02
-1.125221152883804643e-01 4.085252141877930565e-02 4.373530600736160179e-01 7.065004345078703674e-01 1.858380456803774561e-01 6.308679081505937924e-01 -7.624630476455483974e-01 -1.610852937469715168e-02 5.879058300947658661e-02
-1.129306421367921170e-01 3.833627821341381581e-02 4.334364670272496389e-01 6.592499244755514187e-01 1.674503350795698287e-01 5.826499802172426801e-01 -8.081210027925486150e-01 -2.367976490605904275e-02 5.976316391166501540e-02
-1.127651654474588622e-01 3.633894143812829020e-02 4.276296988726510651e-01 6.159862267552912440e-01 1.514979714532606325e-01 5.387312160553984208e-01 -8.646146372789708101e-01 -2.944998934022927811e-02 6.049542009611455495e-02
-1.122213369936186367e-01 3.521361779681395771e-02 4.207844151541921263e-01 5.776125304041687114e-01 1.378223053379252216e-01 4.997498125655222001e-01 -9.377802711101129729e-01 -3.420603386183676542e-02 6.115832554775207930e-02
-1.113676296826420498e-01 3.421317104358060496e-02 4.131927270067899949e-01 5.434039214525756556e-01 1.260028756101287950e-01 4.649303292385405517e-01 -1.035071039183802055e+00 -3.762925113529494436e-02 6.182301802530299623e-02
-1.103573819133265160e-01 3.265716347308523365e-02 4.052959987973966394e-01 5.121942314333570723e-01 1.156736204848572425e-01 4.333653547202409584e-01 -1.167020922104386349e+00 -3.971226668236592372e-02 6.232946415021859560e-02
-1.092089461088369545e-01 3.155392940151079129e-02 3.973638329444970640e-01 4.842169445902853586e-01 1.067141793368750480e-01 4.051407048657372778e-01 -1.354864787406862003e+00 -4.156718855762032983e-02 6.275169605362750092e-02
-1.080314697981091948e-01 3.099583111107101496e-02 3.897328849490936387e-01 4.595274953263676077e-01 9.896439999275841171e-02 3.801937435449931346e-01 -1.642277455855197577e+00 -4.307098760272596444e-02 6.317176361675985730e-02
-1.073503108846654425e-01 3.084500719451270176e-02 3.856001985697772860e-01 4.475582456984261159e-01 9.524358136296144639e-02 3.680627734544903440e-01 -1.863069310081591601e+00 -4.376689027494636702e-02 6.340794286976528249e-02
-1.065683960586658735e-01 3.061992700446025326e-02 3.811730224895752972e-01 4.362474150365411862e-01 9.175259013908723671e-02 3.566210111927464177e-01 -2.165306205523457983e+00 -4.434195598744633537e-02 6.361650866870770249e-02
-1.058326440676810865e-01 3.037394919467463136e-02 3.769791234998934315e-01 4.254614519900554725e-01 8.845617963825985752e-02 3.456756141073266120e-01 -2.601844616927469378e+00 -4.478397169448977699e-02 6.384668170686354227e-02
-1.051167658137456551e-01 3.028586119351037165e-02 3.729201925308858745e-01 4.151454449256755663e-01 8.533945590215383237e-02 3.351500193523985760e-01 -3.288318767294335032e+00 -4.519740066118414779e-02 6.410734903799442108e-02
-1.049461465160528018e-01 3.028003811688104868e-02 3.719422729215896006e-01 4.126702570203739651e-01 8.459670126441437565e-02 3.326229459691267265e-01 -3.518518360922507249e+00 -4.531377436722382190e-02 6.417330285745233287e-02
-1.047940523505340032e-01 3.025774596255127735e-02 3.710064062372840921e-01 4.102837065717815368e-01 8.388088857117566299e-02 3.301913977288005730e-01 -3.787026837739484453e+00 -4.541366040459267339e-02 6.423656503427636888e-02
-1.044844065233340585e-01 3.021330302555917321e-02 3.692285487231008467e-01 4.061661655127982717e-01 8.265398813042552917e-02 3.260266973794258005e-01 -4.379767861415691854e+00 -4.554259664717559553e-02 6.432035787269722860e-02
-1.041652033029232677e-01 3.019982423417270564e-02 3.674296956522344337e-01 4.022035957621332702e-01 8.147206781812184329e-02 3.220250674784125855e-01 -5.207704242321757881e+00 -4.568210422210841615e-02 6.439679935973478819e-02
-1.038718359845144379e-01 3.014503775961323642e-02 3.656970175758147423e-01 3.983740882409348427e-01 8.033126124460308881e-02 3.181686985151203628e-01 -6.445732275971131742e+00 -4.578310797781626196e-02 6.446643309750203776e-02
-1.037421220165442581e-01 3.012087061751425598e-02 3.649367504883954116e-01 3.965994693091809409e-01 7.980611120443020789e-02 3.163776479042174072e-01 -7.237090039063616587e+00 -4.583908040031669379e-02 6.450236440226396473e-02
-1.036134984084074728e-01 3.010706542098530447e-02 3.642146026166471207e-01 3.948176361438767157e-01 7.927762721399397861e-02 3.145490002354636716e-01 -8.260810374351738261e+00 -4.590013509158210464e-02 6.456101876158816533e-02
-1.034599466302623949e-01 3.004750416922831457e-02 3.633847148662970317e-01 3.930029861767291299e-01 7.874861632179828985e-02 3.127272951684160751e-01 -9.632270320255258866e+00 -4.593419688002466084e-02 6.458987055346443462e-02
-1.033228563128607835e-01 2.999032713897585578e-02 3.625981478251935619e-01 3.912332917473264615e-01 7.823243015434655501e-02 3.109491610838949760e-01 -1.157071608414571884e+01 -4.597922480226106223e-02 6.462107396960137251e-02
-1.032309211292015416e-01 3.002180943381816541e-02 3.620015887184604431e-01 3.895411453625500231e-01 7.772686415591219256e-02 3.091687404700848019e-01 -1.452860248875233395e+01 -4.607431157667053745e-02 6.471118416866973588e-02
-1.031895125044380856e-01 3.002911325588277988e-02 3.617460454317160679e-01 3.888062358566096166e-01 7.751061846047344051e-02 3.084036640657752404e-01 -1.625935863364138356e+01 -4.611821147567247980e-02 6.474383883532096318e-02
-1.031437635253073248e-01 3.001830657871767949e-02 3.614697768527360688e-01 3.880615119279159919e-01 7.729399369037179279e-02 3.076432514194161749e-01 -1.847681916238596500e+01 -4.615327098911447407e-02 6.476603721474097353e-02
-1.030973262849321365e-01 2.999911476478581834e-02 3.611830156591561147e-01 3.873333666470000214e-01 7.708081206990489986e-02 3.069003561616984177e-01 -2.141223321910094413e+01 -4.618311334236233773e-02 6.478727091575206543e-02
-1.030461712005490416e-01 2.997794806705849149e-02 3.608878930033395105e-01 3.866026490654007608e-01 7.686672458175815292e-02 3.061562463992285044e-01 -2.548679114431746129e+01 -4.622098056660609716e-02 6.480761437027864058e-02
-1.030012753043072216e-01 2.997103778786288156e-02 3.606320675989303504e-01 3.858617932869622402e-01 7.665017386268380140e-02 3.053930740170648916e-01 -3.154379850694084553e+01 -4.627290772226159282e-02 6.483521971013679608e-02
-1.029876293044208885e-01 2.997589674578443955e-02 3.605437117227942023e-01 3.855271945269543310e-01 7.655183724500484732e-02 3.050400598025960752e-01 -3.526737621796668520e+01 -4.630064134881975435e-02 6.485371256438682286e-02
-1.029769438115640812e-01 2.998614889578846490e-02 3.604628961867201720e-01 3.851926617329921587e-01 7.645322578578250816e-02 3.046846270866214734e-01 -4.002986186553106052e+01 -4.633378082688801441e-02 6.487402689356390473e-02
