 4.52975123237993103e+02
 3.64639695264049806e+02
 6.33954000717960298e+02
 4.05567548923019785e+02
 4.29802875677007250e+02
 5.23453490812971722e+02
 4.84610991709982045e+02
 3.80564440726011526e+02
 4.93506009695003740e+02
 3.43513254887016956e+02
 3.23632322583987843e+02
 3.01614398110017646e+02
 3.97577293188020121e+02
 4.52084752970025875e+02
 3.71816951008979231e+02
 3.43696830925007816e+02
 4.30839406264014542e+02
 3.55979899597004987e+02
 5.32918763740977738e+02
 4.13335609311005101e+02
 4.46320705971971620e+02
 3.66474987027002499e+02
 3.15089788070006762e+02
 2.96689914154994767e+02
 3.59860145459009800e+02
 3.95834058794949669e+02
 4.14578445317980368e+02
 3.75736818140023388e+02
 3.12301522989000659e+02
 3.62830540914961603e+02
 3.50671238598006312e+02
 3.72219198557024356e+02
 3.49816607385000680e+02
 4.12406718026031740e+02
 4.04889461747021414e+02
 3.49048580600006972e+02
 2.54245993421005551e+02
 2.97669678775011562e+02
 3.03618310319026932e+02
 4.00874405812006444e+02
 3.70695787129981909e+02
 5.17508649492054246e+02
 2.88956700979033485e+02
 2.36128121171030216e+02
 1.50752666360989679e+02
 1.81255548347020522e+02
 3.01247989671013784e+02
 2.52407497954030987e+02
 2.20291902721975930e+02
 2.32655111594009213e+02
