 8.44771672313567251e+02
 1.04770548755023628e+03
 8.55659422920085490e+02
 8.11024458948988467e+02
 9.60932745567057282e+02
 8.92973826064728200e+02
 9.86024060237687081e+02
 6.39619155451655388e+02
 7.26810546780005097e+02
 5.29243819206953049e+02
 4.26288164819125086e+02
 9.44063839913811535e+02
 8.79322847180999815e+02
 9.86632353031076491e+02
 9.88129121392965317e+02
 9.16117015911266208e+02
 1.02491542554507032e+03
 7.37243822962045670e+02
 1.04308149720868096e+03
 3.83991426313761622e+02
 8.60349735836964101e+02
 8.02575053744018078e+02
 8.55070631406269968e+02
 6.09420552928000689e+02
 8.10558707740157843e+02
 7.89732870252337307e+02
 8.78820979431271553e+02
 7.51047905015293509e+02
 5.63436957364901900e+02
 6.31573721597902477e+02
 7.45757012919988483e+02
 6.62318858108017594e+02
 7.09045775094069541e+02
 6.54158325708936900e+02
 6.60253035250119865e+02
 6.16073856377042830e+02
 4.75714523068629205e+02
 5.89822259258013219e+02
 7.43772037379909307e+02
 5.24471379627007991e+02
 5.40811788151971996e+02
 6.90513408752158284e+02
 6.32377789362799376e+02
 5.02321862008888274e+02
 5.10037157665938139e+02
 5.99805276819970459e+02
 5.35733826210722327e+02
 2.96480933399870992e+02
 5.64709677156060934e+02
 5.97437529461458325e+01
