 7.44907019674952608e+02
 3.79457937079016119e+02
 8.20780931927030906e+02
 1.26620448204799322e+03
 5.28995227045961656e+02
 7.74210381529002916e+02
 1.01110644136200426e+03
 7.67700206800014712e+02
 1.01388811817398528e+03
 6.08152951667027082e+02
 7.50993250277009793e+02
 7.73445899687008932e+02
 6.80092961998947430e+02
 7.75507779716979712e+02
 1.11973506170004839e+03
 4.02580443515966181e+02
 4.40517129187006503e+02
 4.73740454688027967e+02
 4.07885130677954294e+02
 8.15467290870030411e+02
 3.81614829468016978e+02
 4.98551481592992786e+02
 6.08778653294953983e+02
 8.47317801957018673e+02
 9.11732744970009662e+02
 1.00731990878999932e+03
 6.80531414810975548e+02
 4.75429110358003527e+02
 4.79634998205001466e+02
 5.10359790365037043e+02
 3.46521375838958193e+02
 7.29670434814994223e+02
 6.24974834759952500e+02
 6.93263866972003598e+02
 8.01340620186005253e+02
 6.88618615484971087e+02
 5.95187564272026066e+02
 1.13722153572796378e+03
 7.63951703564031050e+02
 4.15544523591990583e+02
 3.58576672844006680e+02
 3.30995517453993671e+02
 2.93180387947009876e+02
 3.55352739488997031e+02
 3.13367591735965107e+02
 3.84760896492982283e+02
 4.45115817537007388e+02
 5.09602345848979894e+02
 2.00273835689993575e+02
 1.57566738597000949e+02
