 3.41676418554037809e+02
 3.12971982969902456e+02
 2.85285867493133992e+02
 2.63190557814668864e+02
 2.12540598561055958e+02
 3.46066335781943053e+02
 5.95363744412083179e+02
 2.50658673769328743e+02
 3.55287634362000972e+02
 3.99290310312993824e+02
 2.61080420793965459e+02
 3.33399520049337298e+02
 3.81242345251142979e+02
 2.86805128430016339e+02
 2.77380849309265614e+02
 2.78086169500835240e+02
 3.62357831353787333e+02
 3.60786032978910953e+02
 4.58112120741978288e+02
 3.16935285089071840e+02
 2.74653144706971943e+02
 2.78631063957698643e+02
 2.39442574508022517e+02
 2.91366106037050486e+02
 2.92072547222021967e+02
 2.94768734378274530e+02
 2.63752704460173845e+02
 3.42392105530016124e+02
 3.02977140339091420e+02
 4.24590504161082208e+02
 3.58914404617156833e+02
 2.71699869193602353e+02
 2.04043741841334850e+02
 3.81208801968023181e+02
 3.51496826841961592e+02
 2.58848846368025988e+02
 5.96724181800149381e+02
 3.94974967627786100e+02
 4.84293544075917453e+02
 1.26258632052689791e+02
 1.12759145035408437e+02
 2.00712686776183546e+02
 2.11549872341100127e+02
 3.83747375152073801e+02
 2.96148462219163775e+02
 1.71435080655850470e+02
 2.17041389537043869e+01
 9.96088320161215961e+01
 5.47722691027447581e+01
 3.25141583336517215e+00
