 1.09566673032200197e+03
 7.97211595610016957e+02
 9.97131551155005582e+02
 9.36343588335032109e+02
 5.48899834551033564e+02
 1.01269732231699163e+03
 5.02049682810029481e+02
 6.82370498017990030e+02
 6.58985856626008172e+02
 1.24575740753900027e+03
 7.24136635084054433e+02
 9.23465886068006512e+02
 9.28152749617001973e+02
 5.58554520023986697e+02
 5.22750631358998362e+02
 1.05032625710399589e+03
 7.15819502232014202e+02
 5.97728284507989883e+02
 4.45159610883973073e+02
 8.19605329593003262e+02
 5.32197575310012326e+02
 2.93879851821984630e+02
 6.15384260794031434e+02
 4.24611780485021882e+02
 6.90252033426018897e+02
 1.10470935683097923e+03
 4.53164159055973869e+02
 9.15689449772995431e+02
 3.49772774131037295e+02
 9.51279870549973566e+02
 1.27033279023098294e+03
 1.12916798884596210e+03
 6.13206921299977694e+02
 7.18744781814981252e+02
 5.64274070043989923e+02
 1.04021981056797085e+03
 8.01583426591008902e+02
 5.75063047658011783e+02
 5.63794788047031034e+02
 7.48822616213001311e+02
 5.44056844366015866e+02
 7.05812590599001851e+02
 7.54631067592010368e+02
 1.99358802794944495e+02
 5.15062549724010751e+02
 4.58850713387015276e+02
 1.18265282845997717e+02
 4.37470155171991792e+02
 4.46090844741032925e+02
 4.13409256739541888e+01
