 5.03748587893962394e+02
 8.24633607750001829e+02
 4.06734548569016624e+02
 4.99012371053046081e+02
 4.90992996880959254e+02
 4.88999116812017746e+02
 5.04850638500007335e+02
 3.59119730644975789e+02
 5.26971219303959515e+02
 2.23464850004005712e+02
 4.94074452264991123e+02
 7.72811885717033874e+02
 9.30167644798988476e+02
 6.51554208173998632e+02
 5.92300318712019362e+02
 7.61253601061005611e+02
 7.75693928622000385e+02
 3.16100552677991800e+02
 4.73790668971952982e+02
 5.89367332708032336e+02
 5.48518190566042904e+02
 3.62129028909956105e+02
 4.78320555846032221e+02
 3.59378111099009402e+02
 3.03737375247001182e+02
 6.79699822197027970e+02
 4.81421555318986066e+02
 4.03445431745029055e+02
 6.16818509976961650e+02
 7.24917855067003984e+02
 4.54130692303995602e+02
 5.95894264013972133e+02
 5.24333694366971031e+02
 5.66698687076976057e+02
 7.30602217761974316e+02
 7.81753781843988691e+02
 3.21586263777979184e+02
 4.35472189810010605e+02
 5.32378885129000992e+02
 4.19389104500995018e+02
 3.36846157928986941e+02
 5.38700026620004792e+02
 6.23786449635983445e+02
 3.67466938155994285e+02
 5.23736889521998819e+02
 4.51320601121988147e+02
 2.99037880674994085e+02
 5.51280300143000204e+02
 3.59163864455011208e+02
 6.34768741244042758e+02
