-7.35199843164203502e+06
-7.35199845420404430e+06
-7.35199846963733248e+06
-7.35199853835740965e+06
-7.35199855257151928e+06
-7.35199865749209933e+06
-7.35199867236613669e+06
-7.35199872778042872e+06
-7.35199882111317664e+06
-7.35199888941480033e+06
-7.35199892263862863e+06
-7.35199899896550830e+06
-7.67674338435582165e+06
-7.67683948397954274e+06
-7.67692786172997300e+06
-7.67694188205287326e+06
-7.67695772552877944e+06
-8.16176781635290291e+06
-8.16386112184712570e+06
-8.16501374538113270e+06
-8.16507893987326045e+06
-8.17776434057933930e+06
-8.17795512465878669e+06
-8.17798968213003781e+06
-8.17826576326477434e+06
-8.17844748461595830e+06
-8.22749399683943857e+06
-8.23023771546949539e+06
-8.23024009148533735e+06
-8.23024009452838358e+06
-8.23024260746672470e+06
-8.23024292746689823e+06
-8.23024369442048389e+06
-8.23024476776849944e+06
-8.23036353176021669e+06
-1.17351803032058589e+07
-1.17356192250105906e+07
-1.37225371758825406e+07
-1.37632973643769491e+07
-1.09473180356576777e+09
-1.14269677016404009e+09
-1.14270273758046818e+09
-1.14271947173904610e+09
-1.14272836301538038e+09
-1.14274382995276046e+09
-1.14275077088780141e+09
-1.85037813578328991e+09
-2.67143244372357798e+09
-3.15267440202863693e+09
-3.15297717289893532e+09
