 8.33995369244832546e+02
 1.05257390328636393e+03
 8.45747903788927943e+02
 7.95504961616359651e+02
 9.46337856774684042e+02
 9.00797869665082544e+02
 9.82225154181011021e+02
 6.45881998424883932e+02
 7.44339315983001143e+02
 5.05981788317672908e+02
 4.27749050045851618e+02
 9.24259148557204753e+02
 8.93505290152039379e+02
 9.81795295160263777e+02
 9.84827733995392919e+02
 9.07601707050111145e+02
 1.01898743445286527e+03
 7.30419178514741361e+02
 1.05661372973071411e+03
 3.94516503585968167e+02
 8.59439097905997187e+02
 7.85284462287090719e+02
 8.52293770366813987e+02
 6.12039575776550919e+02
 8.05348524617031217e+02
 7.81784310169052333e+02
 8.71569181327708066e+02
 7.66917344674002379e+02
 5.81348810041788965e+02
 6.17388439536094666e+02
 7.38096983731258661e+02
 6.60308521282859147e+02
 7.03170755080878735e+02
 6.48391604220960289e+02
 6.55806678345892578e+02
 6.08809117312077433e+02
 4.86093747681006789e+02
 6.02715134582016617e+02
 7.54942733085248619e+02
 5.44855903510935605e+02
 5.28751712833996862e+02
 7.07431930655147880e+02
 6.42670154436025769e+02
 4.89278659462928772e+02
 5.09845072210766375e+02
 6.12881937106139958e+02
 5.35027904207818210e+02
 2.83262698316946626e+02
 5.73625904063228518e+02
 5.92284876047633588e+01
