-7.94436879691755865e+06
-7.94436914954243694e+06
-7.94436929069966543e+06
-7.94436978283557203e+06
-7.94437026319642272e+06
-7.94437050452548731e+06
-7.94437072810670827e+06
-7.94437084316032287e+06
-7.94437105755460355e+06
-7.94437114360813703e+06
-7.94437163545501139e+06
-7.94437252064897027e+06
-7.94437271829078626e+06
-7.94437276785292756e+06
-7.94437290504872520e+06
-7.94437301147892233e+06
-7.94437301511406619e+06
-7.94437319393647928e+06
-7.94437336871360149e+06
-7.94437436633482669e+06
-8.17260612530981470e+06
-1.17333141314133927e+07
-1.17353035702481475e+07
-1.17353961635395903e+07
-1.17356503350723851e+07
-1.17359442678673100e+07
-1.17359882833796814e+07
-1.17360567019188982e+07
-1.17361499107249379e+07
-1.17361500184990559e+07
-1.17361750299416650e+07
-1.17362264143315740e+07
-1.17362414261257201e+07
-1.17363214166280795e+07
-1.17363279421401285e+07
-1.17365032014967408e+07
-1.17366229994175043e+07
-1.17368381902168021e+07
-1.37642094696789496e+07
-1.37644049422782641e+07
-1.37645448925492093e+07
-1.38383518723665718e+07
-1.38397286879824884e+07
-1.38397325452871844e+07
-1.38397846037202198e+07
-1.38398655330672394e+07
-1.38399707736559473e+07
-1.38401536260420438e+07
-1.38401630898326766e+07
-2.01478593070488644e+09
