 6.00284857858961914e+02
 5.25913417701958679e+02
 6.31995589496043976e+02
 4.64311199304007459e+02
 6.42637239039991982e+02
 6.74371120664000046e+02
 8.02087671437999234e+02
 6.24598755375947803e+02
 5.57015073067974299e+02
 5.46860940476006363e+02
 7.94058422436006367e+02
 6.62070315814984497e+02
 5.12542258682951797e+02
 6.88271766689955257e+02
 5.98561506787023973e+02
 6.01151555509015452e+02
 7.15419736484007444e+02
 7.25626143592002336e+02
 2.25146869026997592e+02
 5.03317903928982560e+02
 6.87005429802986328e+02
 8.29634164234972559e+02
 7.34107860413030721e+02
 7.08077336589049082e+02
 5.51483986272010952e+02
 8.22405447625962552e+02
 8.56248401553020813e+02
 4.79085926704981830e+02
 8.32124918740999419e+02
 6.91709448380977847e+02
 3.23116661875974387e+02
 5.87548424976004753e+02
 9.35056676966021769e+02
 5.86660914845997468e+02
 7.43855474061972927e+02
 4.41349312192003708e+02
 4.94691650247958023e+02
 5.41222380203020293e+02
 6.69109555605042260e+02
 5.29930462261021603e+02
 7.21234820507001132e+02
 3.84989109251007903e+02
 3.83412291059968993e+02
 4.35856881858024281e+02
 4.50826663035026286e+02
 3.13347866291995160e+02
 4.29870671198004857e+02
 2.01779796312970575e+02
 4.23773282234033104e+02
 2.13548281025025062e+02
