-7.67707133517701644e+06
-7.67707205864957254e+06
-7.67707246528074984e+06
-7.67707250790430885e+06
-7.67707251212575380e+06
-7.67707255021623615e+06
-7.67707260505158361e+06
-7.67707262957497220e+06
-7.67707266148632672e+06
-7.67707267296329793e+06
-7.67707268089193571e+06
-7.67707270448098425e+06
-7.67707270594937447e+06
-7.67707280834094156e+06
-7.67707297957457136e+06
-7.67707317198236566e+06
-7.67707320594464149e+06
-7.67707351420557778e+06
-7.67707386462071631e+06
-8.16042280395031441e+06
-8.16110227225788590e+06
-8.23023821718718391e+06
-8.23023935848465282e+06
-8.23024025639635418e+06
-8.23024177912878525e+06
-8.23024199707459938e+06
-8.23024274393401947e+06
-8.23024332780125085e+06
-8.23024338336294051e+06
-8.23024355894164834e+06
-8.23024375462598260e+06
-8.23024387607318815e+06
-8.23024419286093768e+06
-8.23024548735546041e+06
-8.23024555390104372e+06
-8.23024568267429527e+06
-8.23024620937975403e+06
-8.23024674741783831e+06
-8.23025603359094169e+06
-1.17363591411812473e+07
-1.17363932952652350e+07
-1.38395522269945517e+07
-1.14269048181904650e+09
-1.14269720604820848e+09
-1.14272524552962565e+09
-1.14273793957734084e+09
-1.14273864231070518e+09
-1.14298480570525575e+09
-2.78700456125989485e+09
-3.15283795791913319e+09
