 1.34200715842656791e+02
 1.16761024865321815e+02
 1.21820050188340247e+02
 1.72407940273173153e+02
 1.47520646926015615e+02
 1.46648300245869905e+02
 2.12969635203946382e+02
 1.32782130012754351e+02
 1.15156147380359471e+02
 1.46643969526980072e+02
 1.09126744493842125e+02
 8.50095487427897751e+01
 1.37285859639290720e+02
 9.37920905589126050e+01
 1.46640974163077772e+02
 1.47577077975030988e+02
 1.51581482625100762e+02
 8.42604279108345509e+01
 1.30289573135785758e+02
 8.65018976768478751e+01
 1.03536844440735877e+02
 8.56363853607326746e+01
 1.20779645364731550e+02
 1.28646881584078074e+02
 1.32085838141385466e+02
 8.36412706212140620e+01
 9.07234628857113421e+01
 1.28821030276827514e+02
 4.85556048797443509e+01
 9.44825319387018681e+01
 7.90717298346571624e+01
 1.27702605765312910e+02
 7.56960816700011492e+01
 1.23880472172051668e+02
 1.23703528149053454e+02
 1.16302920841146260e+02
 1.08613183434121311e+02
 1.08027419637888670e+02
 1.67539635388180614e+02
 1.15044982091058046e+02
 1.15413254648912698e+02
 1.13527678494341671e+02
 9.27217117953114212e+01
 1.42080891936086118e+02
 1.12085150344762951e+02
 8.21119295670650899e+01
 1.26868483262136579e+02
 1.10761409362778068e+02
 1.29170620416756719e+02
 1.26852455915883183e+02
