-7.35345307665169239e+06
-7.35345553217274323e+06
-7.35347060277138650e+06
-7.35387281968795508e+06
-7.53210531569949072e+06
-7.53213758881053887e+06
-7.53217581528650690e+06
-7.53219753830370400e+06
-7.53234753872687556e+06
-7.53236311548499949e+06
-7.53259179206169117e+06
-7.53310373867893871e+06
-7.67697068308237661e+06
-7.67702913606259692e+06
-7.67733183284445945e+06
-7.67816825901324209e+06
-7.83820652912420314e+06
-7.83820786548235733e+06
-7.83820838563382346e+06
-7.83821045889120270e+06
-7.83821232449868042e+06
-8.23025163654062431e+06
-9.72797276781625114e+06
-9.98806924099935032e+06
-1.12211057334198076e+07
-1.12212563722795006e+07
-1.12212615233901162e+07
-1.12296757860732544e+07
-1.12302730160709564e+07
-1.12306057866698615e+07
-1.12312487732965387e+07
-1.12316278448712192e+07
-1.12317593200973384e+07
-1.12329767770992517e+07
-1.12339692829190735e+07
-1.12433997999563608e+07
-1.12517497884972878e+07
-1.12667243857740704e+07
-1.17354062839409281e+07
-1.17358275256895386e+07
-1.17359231228579860e+07
-1.17422291017847117e+07
-1.36116656350100208e+07
-1.36124860600042511e+07
-1.37219005558486134e+07
-1.38389007835910190e+07
-1.38396511335676219e+07
-1.38396803220623955e+07
-1.51691364752485510e+07
-1.14162113747501707e+09
