-1.38390249593766388e+07
-1.38390249658527989e+07
-1.38390249722048435e+07
-1.38390249756046981e+07
-1.38390250002396461e+07
-1.38390250099686421e+07
-1.38390250172468349e+07
-1.38390250239816755e+07
-1.38390250347763002e+07
-1.38390250377314165e+07
-1.38390250487482883e+07
-1.38390250498938709e+07
-1.38390250557128657e+07
-1.38390250557542089e+07
-1.38390250620617345e+07
-1.38390250700886063e+07
-1.38390250704910401e+07
-1.38390250715864133e+07
-1.38390250753011033e+07
-1.38390250871972702e+07
-1.38390250965884160e+07
-1.38390250971726030e+07
-1.38390250984452423e+07
-1.38390251104121469e+07
-1.38390251147723757e+07
-1.38390251228273809e+07
-1.38390251260431875e+07
-1.38390251476869490e+07
-1.38390251523028258e+07
-1.38390251552685760e+07
-1.38390251590839475e+07
-1.38390251734810490e+07
-1.38390251736559123e+07
-1.38390251831526402e+07
-1.38390251875784472e+07
-1.38390251891512331e+07
-1.38390251914465744e+07
-1.38390251919960808e+07
-1.38390252064140234e+07
-1.38390252121827472e+07
-1.38390252161033414e+07
-1.38390252181715816e+07
-1.38390252453436311e+07
-1.38390252664881200e+07
-1.38390253981713168e+07
-1.38390255783554949e+07
-1.38390255843352936e+07
-1.38390256623025350e+07
-1.38390256977222133e+07
-1.38390261182598621e+07
