 4.36356820038985461e+02
 4.66771879867010284e+02
 3.88842439010972157e+02
 2.95543567476968747e+02
 7.34740442615991924e+02
 3.54690518844989128e+02
 6.14546685982029885e+02
 6.25941242121043615e+02
 4.00909319184022024e+02
 3.52173260116018355e+02
 3.76967348533973563e+02
 3.90031096611986868e+02
 5.64190456567041110e+02
 2.83293582718004473e+02
 3.30209672556957230e+02
 5.10514889814017806e+02
 3.51404663082968909e+02
 2.59542751874017995e+02
 4.56743429613008630e+02
 3.77408583881973755e+02
 4.07650491225998849e+02
 3.61234831624024082e+02
 4.47601859079033602e+02
 4.11291579185985029e+02
 2.40352817404957023e+02
 3.19496210924000479e+02
 5.81756180683965795e+02
 1.64539601890021004e+02
 3.83866803337994497e+02
 2.30280685834004544e+02
 3.69299028072971851e+02
 4.03521962563041598e+02
 5.45051813630969264e+02
 3.61588252112036571e+02
 6.09928043794003315e+02
 4.60173230301006697e+02
 3.07633579675981309e+02
 3.23440429645008408e+02
 6.26299182082002517e+02
 3.97795253323973157e+02
 8.54774911855987739e+02
 4.00308451904973481e+02
 4.59805429784988519e+02
 5.59095035079983063e+02
 3.74071049896010663e+02
 2.78635493703011889e+02
 3.92835052785987500e+02
 4.23755547334963921e+02
 3.91698652722989209e+02
 1.18347348649986088e+01
