-7.35344899441110063e+06
-7.35344923847801145e+06
-7.35344936581788771e+06
-7.35344961717961170e+06
-7.35344987789314240e+06
-7.35345006687442213e+06
-7.35345011461339053e+06
-7.35345016526419111e+06
-7.35345072946054488e+06
-7.35345077413818985e+06
-7.35345105126622040e+06
-7.35345105457096826e+06
-7.35345115089116991e+06
-7.35345154766757227e+06
-7.35345212228425965e+06
-7.35345248874930199e+06
-7.67604087380949315e+06
-7.67679421757787373e+06
-7.67681662632648181e+06
-7.67685662197690550e+06
-7.67696871037999634e+06
-7.67697583542428818e+06
-7.67698003924120311e+06
-7.67698151643687207e+06
-7.67700188358942699e+06
-7.67702514606601465e+06
-7.67702783058588859e+06
-7.80471979297138285e+06
-7.80472045165370125e+06
-7.80472073252246436e+06
-7.80540333272967767e+06
-8.23016089189978782e+06
-8.23020402302405518e+06
-8.23023614645462576e+06
-8.23024472035111580e+06
-8.23024745270662475e+06
-8.23039526558190677e+06
-8.23042315249275882e+06
-8.23617143933521118e+06
-1.17356908059424348e+07
-1.17358656674088985e+07
-1.17359245616400968e+07
-1.37658844222539384e+07
-1.14267283721858668e+09
-1.14268262697705746e+09
-1.14307950385321593e+09
-2.24279797526799154e+09
-2.67144349130947924e+09
-3.19843555816638184e+09
-3.32043659264398479e+09
