-1.17364285189675465e+07
-1.17364298175248522e+07
-1.17364306725097094e+07
-1.17364308424982727e+07
-1.17364309653161857e+07
-1.17364309684458002e+07
-1.17364310110174138e+07
-1.17364311128516048e+07
-1.17364311758812666e+07
-1.17364313663640879e+07
-1.17364314737056941e+07
-1.17364316321232636e+07
-1.17364319339892045e+07
-1.17364323081229050e+07
-1.17364326438125353e+07
-1.17364326466420814e+07
-1.17364327001029681e+07
-1.17364334280169066e+07
-1.17364338533405196e+07
-1.17364340509992987e+07
-1.17364343602949958e+07
-1.17364347128338572e+07
-1.17364349029748440e+07
-1.17364354858031049e+07
-1.17364362302581668e+07
-1.17364362682342827e+07
-1.17365398026668895e+07
-1.17365507183479592e+07
-1.38339168391461633e+07
-1.38397102503678352e+07
-1.38399873924841806e+07
-1.38400558493075948e+07
-1.38400844553622101e+07
-1.38400852212088108e+07
-1.38401100661570970e+07
-1.38401134144975301e+07
-1.30595369736832336e+08
-8.94699735562627435e+08
-8.94706904511931300e+08
-2.78691404132878113e+09
-2.78696392340815783e+09
-2.78697315472894764e+09
-2.78698029364545393e+09
-2.78698487268846798e+09
-2.78698554241612053e+09
-2.78704729046278000e+09
-7.35700041772020531e+09
-7.35703327906153965e+09
-7.35712919008875179e+09
-7.69399852990888596e+09
