 2.66403552057978231e+02
 9.89402942734013777e+02
 5.32649167365976609e+02
 4.88585187971999403e+02
 5.77214231589983683e+02
 7.45100683853030205e+02
 1.20100176630099304e+03
 8.92502173806016799e+02
 4.36155357860028744e+02
 6.18776378346025012e+02
 9.86755149954988156e+02
 6.23764137215039227e+02
 2.71223330633016303e+02
 9.64887148892972618e+02
 3.37107826063001994e+02
 1.88708723980700597e+03
 6.05046333251986653e+02
 4.54966699222975876e+02
 1.27296632211300312e+03
 4.80633779209980275e+02
 8.06193041610997170e+02
 4.46977388194005471e+02
 5.20671017314016353e+02
 7.12866079519968480e+02
 1.38018868135905359e+03
 2.04021158965799259e+03
 7.53082526949001476e+02
 8.04513935116003267e+02
 6.91107194677984808e+02
 1.25522963225003332e+03
 5.02392164368007798e+02
 3.59703832120983861e+02
 8.82508752605994232e+02
 7.07648513888008893e+02
 5.33740744615031872e+02
 8.39746284967055544e+02
 3.45419637175975367e+02
 7.72357495350006502e+02
 5.91688134658965282e+02
 7.42414970295969397e+02
 5.25807116893003695e+02
 1.77996362202102318e+03
 4.61583039481018204e+02
 6.20715754486969672e+02
 7.75253888755978551e+02
 5.85735862693982199e+02
 3.88083041102974676e+02
 7.99741435677977279e+02
 7.44688079058018047e+02
 4.10677707850001752e+02
