-1.17359120636628103e+07
-1.17359123735922351e+07
-1.17359126769224964e+07
-1.17359127886260971e+07
-1.17359137428678535e+07
-1.17359139282590039e+07
-1.17359143045806065e+07
-1.17359144657633565e+07
-1.17359153237760682e+07
-1.17359154137384575e+07
-1.17359154978696965e+07
-1.17359157406244725e+07
-1.17359160188629087e+07
-1.17359164341543764e+07
-1.17359167144918367e+07
-1.17359167358982489e+07
-1.17359167646347098e+07
-1.17359168155231997e+07
-1.17359168596537355e+07
-1.17359170866743810e+07
-1.17359173097862676e+07
-1.17359174153321516e+07
-1.17359174170473851e+07
-1.17359174352531303e+07
-1.17359182588486243e+07
-1.17359183109009247e+07
-1.17359183514936045e+07
-1.17359189847480729e+07
-1.17359190375040285e+07
-1.17359194809737075e+07
-1.17359196166728064e+07
-1.17359197565930709e+07
-1.17359198367195409e+07
-1.17359203368009236e+07
-1.17359204094417226e+07
-1.17359205027449429e+07
-1.17359208879731447e+07
-1.17359216625913605e+07
-1.17359218261595592e+07
-1.38346194762186501e+07
-1.38363833435912002e+07
-1.38380553311869577e+07
-1.38396802110472564e+07
-1.38396867624483965e+07
-1.38397001958729569e+07
-1.38397173477414530e+07
-1.38437939405973628e+07
-2.73605603250186872e+09
-2.78699103168049240e+09
-2.18785375650678635e+10
