-1.37355098235756028e+07
-1.37355112844943516e+07
-1.37355113885172997e+07
-1.37355114962896146e+07
-1.37355116202864144e+07
-1.37355118165093418e+07
-1.37355125488849208e+07
-1.37355129612045716e+07
-1.37355132344405726e+07
-1.37355132537111696e+07
-1.37355132800400928e+07
-1.37355133557030242e+07
-1.37355134121286124e+07
-1.37355134476558883e+07
-1.37355134660246857e+07
-1.37355136567493323e+07
-1.37355137273280956e+07
-1.37355137756279651e+07
-1.37355142950665988e+07
-1.37355142959445864e+07
-1.37355143384184111e+07
-1.37355145886171628e+07
-1.37355147471950948e+07
-1.37355147797665447e+07
-1.37355150130078513e+07
-1.37355150671985988e+07
-1.37355152415864132e+07
-1.37355152418925222e+07
-1.37355155461206939e+07
-1.37355155646766759e+07
-1.37355156790612862e+07
-1.37355157901072185e+07
-1.37355158135603610e+07
-1.37355158379263133e+07
-1.37355162136664782e+07
-1.37355162742639482e+07
-1.37355164160998631e+07
-1.38343756877755970e+07
-2.13471925134019351e+09
-2.13472468228398013e+09
-2.13472485538438344e+09
-2.13472517586402893e+09
-2.13472523863475561e+09
-2.78670493295980406e+09
-2.78690906419251966e+09
-2.78691795646754026e+09
-2.78692572430912256e+09
-2.78694347985719776e+09
-2.78695682010991573e+09
-2.78696052638767052e+09
