-5.31485109298305362e+07
-5.31983594519780725e+07
-5.43158453046358079e+07
-5.43158564939885437e+07
-5.43158778859311044e+07
-5.43159122087835222e+07
-5.43161998258728310e+07
-5.43176387342346683e+07
-5.43178120251160339e+07
-5.43180263030136675e+07
-5.43192460481700301e+07
-5.43277029863436222e+07
-5.89568070632915422e+07
-6.09181930815609694e+07
-6.97926544947217703e+07
-6.97926688943187594e+07
-6.97927551822620481e+07
-6.98091218368644267e+07
-6.98091772358027250e+07
-7.00456210148440003e+07
-7.02710498360895514e+07
-7.02711489590168297e+07
-7.02712091084822714e+07
-7.02713253368957043e+07
-7.06902905140685737e+07
-7.11228517070402801e+07
-7.11229030395044237e+07
-7.11368152196208835e+07
-7.12020530085293949e+07
-7.14027493112799227e+07
-7.27689101648442745e+07
-7.47787118499437869e+07
-7.47848222767409682e+07
-7.63051518616322428e+07
-7.63101478196834624e+07
-7.63162646549157649e+07
-7.63162719899875522e+07
-7.63163915709730834e+07
-8.19871111750234067e+07
-8.26564008255040050e+07
-8.26599120354698300e+07
-8.26629118757219017e+07
-8.26669872640283704e+07
-1.30005192863303614e+09
-2.28733535350370693e+09
-2.34389001224714375e+09
-2.34452010335071087e+09
-2.88882697383899355e+09
-3.81729788964443493e+09
-5.18689744807351685e+09
